# time    /D1[0]/soma
0.000000 -0.086000
0.000200 -0.086002
0.000400 -0.086018
0.000600 -0.086036
0.000800 -0.086056
0.001000 -0.086076
0.001200 -0.086097
0.001400 -0.086118
0.001600 -0.086139
0.001800 -0.086160
0.002000 -0.086181
0.002200 -0.086202
0.002400 -0.086223
0.002600 -0.086244
0.002800 -0.086265
0.003000 -0.086285
0.003200 -0.086306
0.003400 -0.086326
0.003600 -0.086346
0.003800 -0.086366
0.004000 -0.086385
0.004200 -0.086405
0.004400 -0.086424
0.004600 -0.086443
0.004800 -0.086462
0.005000 -0.086481
0.005200 -0.086499
0.005400 -0.086517
0.005600 -0.086535
0.005800 -0.086553
0.006000 -0.086571
0.006200 -0.086588
0.006400 -0.086605
0.006600 -0.086622
0.006800 -0.086639
0.007000 -0.086655
0.007200 -0.086672
0.007400 -0.086688
0.007600 -0.086704
0.007800 -0.086720
0.008000 -0.086735
0.008200 -0.086751
0.008400 -0.086766
0.008600 -0.086781
0.008800 -0.086796
0.009000 -0.086810
0.009200 -0.086825
0.009400 -0.086839
0.009600 -0.086853
0.009800 -0.086867
0.010000 -0.086881
0.010200 -0.086894
0.010400 -0.086908
0.010600 -0.086921
0.010800 -0.086934
0.011000 -0.086947
0.011200 -0.086960
0.011400 -0.086972
0.011600 -0.086985
0.011800 -0.086997
0.012000 -0.087009
0.012200 -0.087021
0.012400 -0.087033
0.012600 -0.087044
0.012800 -0.087056
0.013000 -0.087067
0.013200 -0.087078
0.013400 -0.087090
0.013600 -0.087100
0.013800 -0.087111
0.014000 -0.087122
0.014200 -0.087132
0.014400 -0.087143
0.014600 -0.087153
0.014800 -0.087163
0.015000 -0.087173
0.015200 -0.087183
0.015400 -0.087193
0.015600 -0.087202
0.015800 -0.087212
0.016000 -0.087221
0.016200 -0.087230
0.016400 -0.087239
0.016600 -0.087248
0.016800 -0.087257
0.017000 -0.087266
0.017200 -0.087275
0.017400 -0.087283
0.017600 -0.087292
0.017800 -0.087300
0.018000 -0.087308
0.018200 -0.087316
0.018400 -0.087324
0.018600 -0.087332
0.018800 -0.087340
0.019000 -0.087347
0.019200 -0.087355
0.019400 -0.087362
0.019600 -0.087370
0.019800 -0.087377
0.020000 -0.087384
0.020200 -0.087391
0.020400 -0.087398
0.020600 -0.087405
0.020800 -0.087412
0.021000 -0.087419
0.021200 -0.087425
0.021400 -0.087432
0.021600 -0.087438
0.021800 -0.087444
0.022000 -0.087451
0.022200 -0.087457
0.022400 -0.087463
0.022600 -0.087469
0.022800 -0.087475
0.023000 -0.087481
0.023200 -0.087486
0.023400 -0.087492
0.023600 -0.087498
0.023800 -0.087503
0.024000 -0.087509
0.024200 -0.087514
0.024400 -0.087519
0.024600 -0.087524
0.024800 -0.087530
0.025000 -0.087535
0.025200 -0.087540
0.025400 -0.087545
0.025600 -0.087550
0.025800 -0.087554
0.026000 -0.087559
0.026200 -0.087564
0.026400 -0.087569
0.026600 -0.087573
0.026800 -0.087578
0.027000 -0.087582
0.027200 -0.087587
0.027400 -0.087591
0.027600 -0.087595
0.027800 -0.087600
0.028000 -0.087604
0.028200 -0.087608
0.028400 -0.087612
0.028600 -0.087616
0.028800 -0.087620
0.029000 -0.087624
0.029200 -0.087628
0.029400 -0.087632
0.029600 -0.087636
0.029800 -0.087640
0.030000 -0.087643
0.030200 -0.087647
0.030400 -0.087651
0.030600 -0.087654
0.030800 -0.087658
0.031000 -0.087662
0.031200 -0.087665
0.031400 -0.087669
0.031600 -0.087672
0.031800 -0.087675
0.032000 -0.087679
0.032200 -0.087682
0.032400 -0.087686
0.032600 -0.087689
0.032800 -0.087692
0.033000 -0.087695
0.033200 -0.087698
0.033400 -0.087702
0.033600 -0.087705
0.033800 -0.087708
0.034000 -0.087711
0.034200 -0.087714
0.034400 -0.087717
0.034600 -0.087720
0.034800 -0.087723
0.035000 -0.087726
0.035200 -0.087729
0.035400 -0.087732
0.035600 -0.087735
0.035800 -0.087738
0.036000 -0.087740
0.036200 -0.087743
0.036400 -0.087746
0.036600 -0.087749
0.036800 -0.087752
0.037000 -0.087754
0.037200 -0.087757
0.037400 -0.087760
0.037600 -0.087763
0.037800 -0.087765
0.038000 -0.087768
0.038200 -0.087771
0.038400 -0.087773
0.038600 -0.087776
0.038800 -0.087779
0.039000 -0.087781
0.039200 -0.087784
0.039400 -0.087786
0.039600 -0.087789
0.039800 -0.087792
0.040000 -0.087794
0.040200 -0.087797
0.040400 -0.087799
0.040600 -0.087802
0.040800 -0.087804
0.041000 -0.087807
0.041200 -0.087809
0.041400 -0.087812
0.041600 -0.087814
0.041800 -0.087817
0.042000 -0.087819
0.042200 -0.087822
0.042400 -0.087824
0.042600 -0.087827
0.042800 -0.087829
0.043000 -0.087831
0.043200 -0.087834
0.043400 -0.087836
0.043600 -0.087839
0.043800 -0.087841
0.044000 -0.087844
0.044200 -0.087846
0.044400 -0.087848
0.044600 -0.087851
0.044800 -0.087853
0.045000 -0.087856
0.045200 -0.087858
0.045400 -0.087860
0.045600 -0.087863
0.045800 -0.087865
0.046000 -0.087868
0.046200 -0.087870
0.046400 -0.087872
0.046600 -0.087875
0.046800 -0.087877
0.047000 -0.087880
0.047200 -0.087882
0.047400 -0.087884
0.047600 -0.087887
0.047800 -0.087889
0.048000 -0.087891
0.048200 -0.087894
0.048400 -0.087896
0.048600 -0.087899
0.048800 -0.087901
0.049000 -0.087903
0.049200 -0.087906
0.049400 -0.087908
0.049600 -0.087911
0.049800 -0.087913
0.050000 -0.087915
0.050200 -0.087918
0.050400 -0.087920
0.050600 -0.087922
0.050800 -0.087925
0.051000 -0.087927
0.051200 -0.087930
0.051400 -0.087932
0.051600 -0.087934
0.051800 -0.087937
0.052000 -0.087939
0.052200 -0.087942
0.052400 -0.087944
0.052600 -0.087946
0.052800 -0.087949
0.053000 -0.087951
0.053200 -0.087954
0.053400 -0.087956
0.053600 -0.087958
0.053800 -0.087961
0.054000 -0.087963
0.054200 -0.087966
0.054400 -0.087968
0.054600 -0.087971
0.054800 -0.087973
0.055000 -0.087975
0.055200 -0.087978
0.055400 -0.087980
0.055600 -0.087983
0.055800 -0.087985
0.056000 -0.087988
0.056200 -0.087990
0.056400 -0.087992
0.056600 -0.087995
0.056800 -0.087997
0.057000 -0.088000
0.057200 -0.088002
0.057400 -0.088005
0.057600 -0.088007
0.057800 -0.088010
0.058000 -0.088012
0.058200 -0.088015
0.058400 -0.088017
0.058600 -0.088020
0.058800 -0.088022
0.059000 -0.088024
0.059200 -0.088027
0.059400 -0.088029
0.059600 -0.088032
0.059800 -0.088034
0.060000 -0.088037
0.060200 -0.088039
0.060400 -0.088042
0.060600 -0.088044
0.060800 -0.088047
0.061000 -0.088049
0.061200 -0.088052
0.061400 -0.088054
0.061600 -0.088057
0.061800 -0.088059
0.062000 -0.088062
0.062200 -0.088064
0.062400 -0.088067
0.062600 -0.088069
0.062800 -0.088072
0.063000 -0.088074
0.063200 -0.088077
0.063400 -0.088080
0.063600 -0.088082
0.063800 -0.088085
0.064000 -0.088087
0.064200 -0.088090
0.064400 -0.088092
0.064600 -0.088095
0.064800 -0.088097
0.065000 -0.088100
0.065200 -0.088102
0.065400 -0.088105
0.065600 -0.088107
0.065800 -0.088110
0.066000 -0.088113
0.066200 -0.088115
0.066400 -0.088118
0.066600 -0.088120
0.066800 -0.088123
0.067000 -0.088125
0.067200 -0.088128
0.067400 -0.088130
0.067600 -0.088133
0.067800 -0.088135
0.068000 -0.088138
0.068200 -0.088141
0.068400 -0.088143
0.068600 -0.088146
0.068800 -0.088148
0.069000 -0.088151
0.069200 -0.088153
0.069400 -0.088156
0.069600 -0.088158
0.069800 -0.088161
0.070000 -0.088164
0.070200 -0.088166
0.070400 -0.088169
0.070600 -0.088171
0.070800 -0.088174
0.071000 -0.088176
0.071200 -0.088179
0.071400 -0.088182
0.071600 -0.088184
0.071800 -0.088187
0.072000 -0.088189
0.072200 -0.088192
0.072400 -0.088194
0.072600 -0.088197
0.072800 -0.088199
0.073000 -0.088202
0.073200 -0.088205
0.073400 -0.088207
0.073600 -0.088210
0.073800 -0.088212
0.074000 -0.088215
0.074200 -0.088217
0.074400 -0.088220
0.074600 -0.088223
0.074800 -0.088225
0.075000 -0.088228
0.075200 -0.088230
0.075400 -0.088233
0.075600 -0.088235
0.075800 -0.088238
0.076000 -0.088240
0.076200 -0.088243
0.076400 -0.088246
0.076600 -0.088248
0.076800 -0.088251
0.077000 -0.088253
0.077200 -0.088256
0.077400 -0.088258
0.077600 -0.088261
0.077800 -0.088263
0.078000 -0.088266
0.078200 -0.088268
0.078400 -0.088271
0.078600 -0.088274
0.078800 -0.088276
0.079000 -0.088279
0.079200 -0.088281
0.079400 -0.088284
0.079600 -0.088286
0.079800 -0.088289
0.080000 -0.088291
0.080200 -0.088294
0.080400 -0.088296
0.080600 -0.088299
0.080800 -0.088301
0.081000 -0.088304
0.081200 -0.088306
0.081400 -0.088309
0.081600 -0.088311
0.081800 -0.088314
0.082000 -0.088316
0.082200 -0.088319
0.082400 -0.088321
0.082600 -0.088324
0.082800 -0.088326
0.083000 -0.088329
0.083200 -0.088331
0.083400 -0.088334
0.083600 -0.088336
0.083800 -0.088339
0.084000 -0.088341
0.084200 -0.088344
0.084400 -0.088346
0.084600 -0.088349
0.084800 -0.088351
0.085000 -0.088354
0.085200 -0.088356
0.085400 -0.088359
0.085600 -0.088361
0.085800 -0.088363
0.086000 -0.088366
0.086200 -0.088368
0.086400 -0.088371
0.086600 -0.088373
0.086800 -0.088376
0.087000 -0.088378
0.087200 -0.088381
0.087400 -0.088383
0.087600 -0.088385
0.087800 -0.088388
0.088000 -0.088390
0.088200 -0.088393
0.088400 -0.088395
0.088600 -0.088397
0.088800 -0.088400
0.089000 -0.088402
0.089200 -0.088405
0.089400 -0.088407
0.089600 -0.088409
0.089800 -0.088412
0.090000 -0.088414
0.090200 -0.088417
0.090400 -0.088419
0.090600 -0.088421
0.090800 -0.088424
0.091000 -0.088426
0.091200 -0.088428
0.091400 -0.088431
0.091600 -0.088433
0.091800 -0.088435
0.092000 -0.088438
0.092200 -0.088440
0.092400 -0.088442
0.092600 -0.088445
0.092800 -0.088447
0.093000 -0.088449
0.093200 -0.088452
0.093400 -0.088454
0.093600 -0.088456
0.093800 -0.088459
0.094000 -0.088461
0.094200 -0.088463
0.094400 -0.088466
0.094600 -0.088468
0.094800 -0.088470
0.095000 -0.088472
0.095200 -0.088475
0.095400 -0.088477
0.095600 -0.088479
0.095800 -0.088481
0.096000 -0.088484
0.096200 -0.088486
0.096400 -0.088488
0.096600 -0.088490
0.096800 -0.088493
0.097000 -0.088495
0.097200 -0.088497
0.097400 -0.088499
0.097600 -0.088502
0.097800 -0.088504
0.098000 -0.088506
0.098200 -0.088508
0.098400 -0.088510
0.098600 -0.088513
0.098800 -0.088515
0.099000 -0.088517
0.099200 -0.088519
0.099400 -0.088521
0.099600 -0.088524
0.099800 -0.088526
0.100000 -0.088528
0.100200 -0.088530
0.100400 -0.088532
0.100600 -0.088534
0.100800 -0.088536
0.101000 -0.088539
0.101200 -0.088541
0.101400 -0.088543
0.101600 -0.088545
0.101800 -0.088547
0.102000 -0.088549
0.102200 -0.088551
0.102400 -0.088553
0.102600 -0.088555
0.102800 -0.088558
0.103000 -0.088560
0.103200 -0.088562
0.103400 -0.088564
0.103600 -0.088566
0.103800 -0.088568
0.104000 -0.088570
0.104200 -0.088572
0.104400 -0.088574
0.104600 -0.088576
0.104800 -0.088578
0.105000 -0.088580
0.105200 -0.088582
0.105400 -0.088584
0.105600 -0.088586
0.105800 -0.088588
0.106000 -0.088590
0.106200 -0.088592
0.106400 -0.088594
0.106600 -0.088596
0.106800 -0.088598
0.107000 -0.088600
0.107200 -0.088602
0.107400 -0.088604
0.107600 -0.088606
0.107800 -0.088608
0.108000 -0.088610
0.108200 -0.088612
0.108400 -0.088614
0.108600 -0.088616
0.108800 -0.088618
0.109000 -0.088620
0.109200 -0.088622
0.109400 -0.088624
0.109600 -0.088625
0.109800 -0.088627
0.110000 -0.088629
0.110200 -0.088631
0.110400 -0.088633
0.110600 -0.088635
0.110800 -0.088637
0.111000 -0.088639
0.111200 -0.088640
0.111400 -0.088642
0.111600 -0.088644
0.111800 -0.088646
0.112000 -0.088648
0.112200 -0.088650
0.112400 -0.088651
0.112600 -0.088653
0.112800 -0.088655
0.113000 -0.088657
0.113200 -0.088659
0.113400 -0.088661
0.113600 -0.088662
0.113800 -0.088664
0.114000 -0.088666
0.114200 -0.088668
0.114400 -0.088669
0.114600 -0.088671
0.114800 -0.088673
0.115000 -0.088675
0.115200 -0.088676
0.115400 -0.088678
0.115600 -0.088680
0.115800 -0.088682
0.116000 -0.088683
0.116200 -0.088685
0.116400 -0.088687
0.116600 -0.088689
0.116800 -0.088690
0.117000 -0.088692
0.117200 -0.088694
0.117400 -0.088695
0.117600 -0.088697
0.117800 -0.088699
0.118000 -0.088700
0.118200 -0.088702
0.118400 -0.088704
0.118600 -0.088705
0.118800 -0.088707
0.119000 -0.088709
0.119200 -0.088710
0.119400 -0.088712
0.119600 -0.088713
0.119800 -0.088715
0.120000 -0.088717
0.120200 -0.088718
0.120400 -0.088720
0.120600 -0.088722
0.120800 -0.088723
0.121000 -0.088725
0.121200 -0.088726
0.121400 -0.088728
0.121600 -0.088729
0.121800 -0.088731
0.122000 -0.088733
0.122200 -0.088734
0.122400 -0.088736
0.122600 -0.088737
0.122800 -0.088739
0.123000 -0.088740
0.123200 -0.088742
0.123400 -0.088743
0.123600 -0.088745
0.123800 -0.088746
0.124000 -0.088748
0.124200 -0.088749
0.124400 -0.088751
0.124600 -0.088752
0.124800 -0.088754
0.125000 -0.088755
0.125200 -0.088757
0.125400 -0.088758
0.125600 -0.088760
0.125800 -0.088761
0.126000 -0.088763
0.126200 -0.088764
0.126400 -0.088765
0.126600 -0.088767
0.126800 -0.088768
0.127000 -0.088770
0.127200 -0.088771
0.127400 -0.088772
0.127600 -0.088774
0.127800 -0.088775
0.128000 -0.088777
0.128200 -0.088778
0.128400 -0.088779
0.128600 -0.088781
0.128800 -0.088782
0.129000 -0.088784
0.129200 -0.088785
0.129400 -0.088786
0.129600 -0.088788
0.129800 -0.088789
0.130000 -0.088790
0.130200 -0.088792
0.130400 -0.088793
0.130600 -0.088794
0.130800 -0.088796
0.131000 -0.088797
0.131200 -0.088798
0.131400 -0.088800
0.131600 -0.088801
0.131800 -0.088802
0.132000 -0.088803
0.132200 -0.088805
0.132400 -0.088806
0.132600 -0.088807
0.132800 -0.088809
0.133000 -0.088810
0.133200 -0.088811
0.133400 -0.088812
0.133600 -0.088814
0.133800 -0.088815
0.134000 -0.088816
0.134200 -0.088817
0.134400 -0.088819
0.134600 -0.088820
0.134800 -0.088821
0.135000 -0.088822
0.135200 -0.088823
0.135400 -0.088825
0.135600 -0.088826
0.135800 -0.088827
0.136000 -0.088828
0.136200 -0.088829
0.136400 -0.088831
0.136600 -0.088832
0.136800 -0.088833
0.137000 -0.088834
0.137200 -0.088835
0.137400 -0.088836
0.137600 -0.088837
0.137800 -0.088839
0.138000 -0.088840
0.138200 -0.088841
0.138400 -0.088842
0.138600 -0.088843
0.138800 -0.088844
0.139000 -0.088845
0.139200 -0.088847
0.139400 -0.088848
0.139600 -0.088849
0.139800 -0.088850
0.140000 -0.088851
0.140200 -0.088852
0.140400 -0.088853
0.140600 -0.088854
0.140800 -0.088855
0.141000 -0.088856
0.141200 -0.088857
0.141400 -0.088858
0.141600 -0.088859
0.141800 -0.088861
0.142000 -0.088862
0.142200 -0.088863
0.142400 -0.088864
0.142600 -0.088865
0.142800 -0.088866
0.143000 -0.088867
0.143200 -0.088868
0.143400 -0.088869
0.143600 -0.088870
0.143800 -0.088871
0.144000 -0.088872
0.144200 -0.088873
0.144400 -0.088874
0.144600 -0.088875
0.144800 -0.088876
0.145000 -0.088877
0.145200 -0.088878
0.145400 -0.088879
0.145600 -0.088880
0.145800 -0.088881
0.146000 -0.088882
0.146200 -0.088883
0.146400 -0.088883
0.146600 -0.088884
0.146800 -0.088885
0.147000 -0.088886
0.147200 -0.088887
0.147400 -0.088888
0.147600 -0.088889
0.147800 -0.088890
0.148000 -0.088891
0.148200 -0.088892
0.148400 -0.088893
0.148600 -0.088894
0.148800 -0.088895
0.149000 -0.088895
0.149200 -0.088896
0.149400 -0.088897
0.149600 -0.088898
0.149800 -0.088899
0.150000 -0.088900
0.150200 -0.088901
0.150400 -0.088902
0.150600 -0.088902
0.150800 -0.088903
0.151000 -0.088904
0.151200 -0.088905
0.151400 -0.088906
0.151600 -0.088907
0.151800 -0.088907
0.152000 -0.088908
0.152200 -0.088909
0.152400 -0.088910
0.152600 -0.088911
0.152800 -0.088912
0.153000 -0.088912
0.153200 -0.088913
0.153400 -0.088914
0.153600 -0.088915
0.153800 -0.088916
0.154000 -0.088916
0.154200 -0.088917
0.154400 -0.088918
0.154600 -0.088919
0.154800 -0.088920
0.155000 -0.088920
0.155200 -0.088921
0.155400 -0.088922
0.155600 -0.088923
0.155800 -0.088923
0.156000 -0.088924
0.156200 -0.088925
0.156400 -0.088926
0.156600 -0.088926
0.156800 -0.088927
0.157000 -0.088928
0.157200 -0.088929
0.157400 -0.088929
0.157600 -0.088930
0.157800 -0.088931
0.158000 -0.088932
0.158200 -0.088932
0.158400 -0.088933
0.158600 -0.088934
0.158800 -0.088934
0.159000 -0.088935
0.159200 -0.088936
0.159400 -0.088937
0.159600 -0.088937
0.159800 -0.088938
0.160000 -0.088939
0.160200 -0.088939
0.160400 -0.088940
0.160600 -0.088941
0.160800 -0.088941
0.161000 -0.088942
0.161200 -0.088943
0.161400 -0.088943
0.161600 -0.088944
0.161800 -0.088945
0.162000 -0.088945
0.162200 -0.088946
0.162400 -0.088947
0.162600 -0.088947
0.162800 -0.088948
0.163000 -0.088949
0.163200 -0.088949
0.163400 -0.088950
0.163600 -0.088950
0.163800 -0.088951
0.164000 -0.088952
0.164200 -0.088952
0.164400 -0.088953
0.164600 -0.088954
0.164800 -0.088954
0.165000 -0.088955
0.165200 -0.088955
0.165400 -0.088956
0.165600 -0.088957
0.165800 -0.088957
0.166000 -0.088958
0.166200 -0.088958
0.166400 -0.088959
0.166600 -0.088959
0.166800 -0.088960
0.167000 -0.088961
0.167200 -0.088961
0.167400 -0.088962
0.167600 -0.088962
0.167800 -0.088963
0.168000 -0.088963
0.168200 -0.088964
0.168400 -0.088965
0.168600 -0.088965
0.168800 -0.088966
0.169000 -0.088966
0.169200 -0.088967
0.169400 -0.088967
0.169600 -0.088968
0.169800 -0.088968
0.170000 -0.088969
0.170200 -0.088969
0.170400 -0.088970
0.170600 -0.088970
0.170800 -0.088971
0.171000 -0.088971
0.171200 -0.088972
0.171400 -0.088972
0.171600 -0.088973
0.171800 -0.088974
0.172000 -0.088974
0.172200 -0.088975
0.172400 -0.088975
0.172600 -0.088975
0.172800 -0.088976
0.173000 -0.088976
0.173200 -0.088977
0.173400 -0.088977
0.173600 -0.088978
0.173800 -0.088978
0.174000 -0.088979
0.174200 -0.088979
0.174400 -0.088980
0.174600 -0.088980
0.174800 -0.088981
0.175000 -0.088981
0.175200 -0.088982
0.175400 -0.088982
0.175600 -0.088983
0.175800 -0.088983
0.176000 -0.088983
0.176200 -0.088984
0.176400 -0.088984
0.176600 -0.088985
0.176800 -0.088985
0.177000 -0.088986
0.177200 -0.088986
0.177400 -0.088987
0.177600 -0.088987
0.177800 -0.088987
0.178000 -0.088988
0.178200 -0.088988
0.178400 -0.088989
0.178600 -0.088989
0.178800 -0.088990
0.179000 -0.088990
0.179200 -0.088990
0.179400 -0.088991
0.179600 -0.088991
0.179800 -0.088992
0.180000 -0.088992
0.180200 -0.088992
0.180400 -0.088993
0.180600 -0.088993
0.180800 -0.088994
0.181000 -0.088994
0.181200 -0.088994
0.181400 -0.088995
0.181600 -0.088995
0.181800 -0.088995
0.182000 -0.088996
0.182200 -0.088996
0.182400 -0.088997
0.182600 -0.088997
0.182800 -0.088997
0.183000 -0.088998
0.183200 -0.088998
0.183400 -0.088998
0.183600 -0.088999
0.183800 -0.088999
0.184000 -0.089000
0.184200 -0.089000
0.184400 -0.089000
0.184600 -0.089001
0.184800 -0.089001
0.185000 -0.089001
0.185200 -0.089002
0.185400 -0.089002
0.185600 -0.089002
0.185800 -0.089003
0.186000 -0.089003
0.186200 -0.089003
0.186400 -0.089004
0.186600 -0.089004
0.186800 -0.089004
0.187000 -0.089005
0.187200 -0.089005
0.187400 -0.089005
0.187600 -0.089006
0.187800 -0.089006
0.188000 -0.089006
0.188200 -0.089007
0.188400 -0.089007
0.188600 -0.089007
0.188800 -0.089007
0.189000 -0.089008
0.189200 -0.089008
0.189400 -0.089008
0.189600 -0.089009
0.189800 -0.089009
0.190000 -0.089009
0.190200 -0.089010
0.190400 -0.089010
0.190600 -0.089010
0.190800 -0.089010
0.191000 -0.089011
0.191200 -0.089011
0.191400 -0.089011
0.191600 -0.089012
0.191800 -0.089012
0.192000 -0.089012
0.192200 -0.089012
0.192400 -0.089013
0.192600 -0.089013
0.192800 -0.089013
0.193000 -0.089013
0.193200 -0.089014
0.193400 -0.089014
0.193600 -0.089014
0.193800 -0.089015
0.194000 -0.089015
0.194200 -0.089015
0.194400 -0.089015
0.194600 -0.089016
0.194800 -0.089016
0.195000 -0.089016
0.195200 -0.089016
0.195400 -0.089017
0.195600 -0.089017
0.195800 -0.089017
0.196000 -0.089017
0.196200 -0.089018
0.196400 -0.089018
0.196600 -0.089018
0.196800 -0.089018
0.197000 -0.089019
0.197200 -0.089019
0.197400 -0.089019
0.197600 -0.089019
0.197800 -0.089019
0.198000 -0.089020
0.198200 -0.089020
0.198400 -0.089020
0.198600 -0.089020
0.198800 -0.089021
0.199000 -0.089021
0.199200 -0.089021
0.199400 -0.089021
0.199600 -0.089021
0.199800 -0.089022
0.200000 -0.088931
0.200200 -0.088084
0.200400 -0.087619
0.200600 -0.087272
0.200800 -0.086984
0.201000 -0.086735
0.201200 -0.086512
0.201400 -0.086310
0.201600 -0.086124
0.201800 -0.085950
0.202000 -0.085788
0.202200 -0.085636
0.202400 -0.085491
0.202600 -0.085354
0.202800 -0.085223
0.203000 -0.085098
0.203200 -0.084979
0.203400 -0.084864
0.203600 -0.084754
0.203800 -0.084648
0.204000 -0.084545
0.204200 -0.084446
0.204400 -0.084351
0.204600 -0.084258
0.204800 -0.084168
0.205000 -0.084081
0.205200 -0.083997
0.205400 -0.083915
0.205600 -0.083835
0.205800 -0.083758
0.206000 -0.083682
0.206200 -0.083608
0.206400 -0.083537
0.206600 -0.083467
0.206800 -0.083398
0.207000 -0.083332
0.207200 -0.083266
0.207400 -0.083203
0.207600 -0.083140
0.207800 -0.083079
0.208000 -0.083020
0.208200 -0.082961
0.208400 -0.082904
0.208600 -0.082848
0.208800 -0.082793
0.209000 -0.082738
0.209200 -0.082685
0.209400 -0.082633
0.209600 -0.082582
0.209800 -0.082532
0.210000 -0.082483
0.210200 -0.082434
0.210400 -0.082387
0.210600 -0.082340
0.210800 -0.082294
0.211000 -0.082248
0.211200 -0.082204
0.211400 -0.082160
0.211600 -0.082116
0.211800 -0.082074
0.212000 -0.082032
0.212200 -0.081990
0.212400 -0.081950
0.212600 -0.081909
0.212800 -0.081870
0.213000 -0.081830
0.213200 -0.081792
0.213400 -0.081754
0.213600 -0.081716
0.213800 -0.081679
0.214000 -0.081642
0.214200 -0.081606
0.214400 -0.081571
0.214600 -0.081535
0.214800 -0.081500
0.215000 -0.081466
0.215200 -0.081432
0.215400 -0.081398
0.215600 -0.081365
0.215800 -0.081332
0.216000 -0.081299
0.216200 -0.081267
0.216400 -0.081235
0.216600 -0.081204
0.216800 -0.081173
0.217000 -0.081142
0.217200 -0.081111
0.217400 -0.081081
0.217600 -0.081051
0.217800 -0.081021
0.218000 -0.080992
0.218200 -0.080963
0.218400 -0.080934
0.218600 -0.080905
0.218800 -0.080877
0.219000 -0.080849
0.219200 -0.080821
0.219400 -0.080793
0.219600 -0.080766
0.219800 -0.080739
0.220000 -0.080712
0.220200 -0.080685
0.220400 -0.080659
0.220600 -0.080633
0.220800 -0.080607
0.221000 -0.080581
0.221200 -0.080555
0.221400 -0.080530
0.221600 -0.080504
0.221800 -0.080479
0.222000 -0.080454
0.222200 -0.080430
0.222400 -0.080405
0.222600 -0.080381
0.222800 -0.080357
0.223000 -0.080333
0.223200 -0.080309
0.223400 -0.080285
0.223600 -0.080261
0.223800 -0.080238
0.224000 -0.080215
0.224200 -0.080192
0.224400 -0.080169
0.224600 -0.080146
0.224800 -0.080123
0.225000 -0.080101
0.225200 -0.080078
0.225400 -0.080056
0.225600 -0.080034
0.225800 -0.080012
0.226000 -0.079990
0.226200 -0.079968
0.226400 -0.079946
0.226600 -0.079925
0.226800 -0.079903
0.227000 -0.079882
0.227200 -0.079861
0.227400 -0.079840
0.227600 -0.079819
0.227800 -0.079798
0.228000 -0.079777
0.228200 -0.079756
0.228400 -0.079736
0.228600 -0.079715
0.228800 -0.079695
0.229000 -0.079675
0.229200 -0.079654
0.229400 -0.079634
0.229600 -0.079614
0.229800 -0.079594
0.230000 -0.079575
0.230200 -0.079555
0.230400 -0.079535
0.230600 -0.079516
0.230800 -0.079496
0.231000 -0.079477
0.231200 -0.079457
0.231400 -0.079438
0.231600 -0.079419
0.231800 -0.079400
0.232000 -0.079381
0.232200 -0.079362
0.232400 -0.079343
0.232600 -0.079324
0.232800 -0.079306
0.233000 -0.079287
0.233200 -0.079269
0.233400 -0.079250
0.233600 -0.079232
0.233800 -0.079213
0.234000 -0.079195
0.234200 -0.079177
0.234400 -0.079159
0.234600 -0.079141
0.234800 -0.079123
0.235000 -0.079105
0.235200 -0.079087
0.235400 -0.079069
0.235600 -0.079051
0.235800 -0.079034
0.236000 -0.079016
0.236200 -0.078999
0.236400 -0.078981
0.236600 -0.078964
0.236800 -0.078946
0.237000 -0.078929
0.237200 -0.078912
0.237400 -0.078894
0.237600 -0.078877
0.237800 -0.078860
0.238000 -0.078843
0.238200 -0.078826
0.238400 -0.078809
0.238600 -0.078792
0.238800 -0.078776
0.239000 -0.078759
0.239200 -0.078742
0.239400 -0.078725
0.239600 -0.078709
0.239800 -0.078692
0.240000 -0.078676
0.240200 -0.078659
0.240400 -0.078643
0.240600 -0.078627
0.240800 -0.078610
0.241000 -0.078594
0.241200 -0.078578
0.241400 -0.078562
0.241600 -0.078545
0.241800 -0.078529
0.242000 -0.078513
0.242200 -0.078497
0.242400 -0.078481
0.242600 -0.078466
0.242800 -0.078450
0.243000 -0.078434
0.243200 -0.078418
0.243400 -0.078403
0.243600 -0.078387
0.243800 -0.078371
0.244000 -0.078356
0.244200 -0.078340
0.244400 -0.078325
0.244600 -0.078309
0.244800 -0.078294
0.245000 -0.078278
0.245200 -0.078263
0.245400 -0.078248
0.245600 -0.078233
0.245800 -0.078217
0.246000 -0.078202
0.246200 -0.078187
0.246400 -0.078172
0.246600 -0.078157
0.246800 -0.078142
0.247000 -0.078127
0.247200 -0.078112
0.247400 -0.078097
0.247600 -0.078082
0.247800 -0.078068
0.248000 -0.078053
0.248200 -0.078038
0.248400 -0.078023
0.248600 -0.078009
0.248800 -0.077994
0.249000 -0.077980
0.249200 -0.077965
0.249400 -0.077951
0.249600 -0.077936
0.249800 -0.077922
0.250000 -0.077907
0.250200 -0.077893
0.250400 -0.077879
0.250600 -0.077864
0.250800 -0.077850
0.251000 -0.077836
0.251200 -0.077822
0.251400 -0.077807
0.251600 -0.077793
0.251800 -0.077779
0.252000 -0.077765
0.252200 -0.077751
0.252400 -0.077737
0.252600 -0.077723
0.252800 -0.077709
0.253000 -0.077695
0.253200 -0.077682
0.253400 -0.077668
0.253600 -0.077654
0.253800 -0.077640
0.254000 -0.077626
0.254200 -0.077613
0.254400 -0.077599
0.254600 -0.077586
0.254800 -0.077572
0.255000 -0.077558
0.255200 -0.077545
0.255400 -0.077531
0.255600 -0.077518
0.255800 -0.077504
0.256000 -0.077491
0.256200 -0.077478
0.256400 -0.077464
0.256600 -0.077451
0.256800 -0.077438
0.257000 -0.077424
0.257200 -0.077411
0.257400 -0.077398
0.257600 -0.077385
0.257800 -0.077372
0.258000 -0.077359
0.258200 -0.077346
0.258400 -0.077332
0.258600 -0.077319
0.258800 -0.077306
0.259000 -0.077293
0.259200 -0.077281
0.259400 -0.077268
0.259600 -0.077255
0.259800 -0.077242
0.260000 -0.077229
0.260200 -0.077216
0.260400 -0.077203
0.260600 -0.077191
0.260800 -0.077178
0.261000 -0.077165
0.261200 -0.077153
0.261400 -0.077140
0.261600 -0.077127
0.261800 -0.077115
0.262000 -0.077102
0.262200 -0.077090
0.262400 -0.077077
0.262600 -0.077065
0.262800 -0.077052
0.263000 -0.077040
0.263200 -0.077028
0.263400 -0.077015
0.263600 -0.077003
0.263800 -0.076990
0.264000 -0.076978
0.264200 -0.076966
0.264400 -0.076954
0.264600 -0.076941
0.264800 -0.076929
0.265000 -0.076917
0.265200 -0.076905
0.265400 -0.076893
0.265600 -0.076881
0.265800 -0.076869
0.266000 -0.076857
0.266200 -0.076845
0.266400 -0.076833
0.266600 -0.076821
0.266800 -0.076809
0.267000 -0.076797
0.267200 -0.076785
0.267400 -0.076773
0.267600 -0.076761
0.267800 -0.076749
0.268000 -0.076737
0.268200 -0.076726
0.268400 -0.076714
0.268600 -0.076702
0.268800 -0.076690
0.269000 -0.076679
0.269200 -0.076667
0.269400 -0.076655
0.269600 -0.076644
0.269800 -0.076632
0.270000 -0.076621
0.270200 -0.076609
0.270400 -0.076598
0.270600 -0.076586
0.270800 -0.076575
0.271000 -0.076563
0.271200 -0.076552
0.271400 -0.076540
0.271600 -0.076529
0.271800 -0.076517
0.272000 -0.076506
0.272200 -0.076495
0.272400 -0.076483
0.272600 -0.076472
0.272800 -0.076461
0.273000 -0.076450
0.273200 -0.076438
0.273400 -0.076427
0.273600 -0.076416
0.273800 -0.076405
0.274000 -0.076394
0.274200 -0.076382
0.274400 -0.076371
0.274600 -0.076360
0.274800 -0.076349
0.275000 -0.076338
0.275200 -0.076327
0.275400 -0.076316
0.275600 -0.076305
0.275800 -0.076294
0.276000 -0.076283
0.276200 -0.076272
0.276400 -0.076261
0.276600 -0.076250
0.276800 -0.076240
0.277000 -0.076229
0.277200 -0.076218
0.277400 -0.076207
0.277600 -0.076196
0.277800 -0.076185
0.278000 -0.076175
0.278200 -0.076164
0.278400 -0.076153
0.278600 -0.076143
0.278800 -0.076132
0.279000 -0.076121
0.279200 -0.076111
0.279400 -0.076100
0.279600 -0.076089
0.279800 -0.076079
0.280000 -0.076068
0.280200 -0.076058
0.280400 -0.076047
0.280600 -0.076037
0.280800 -0.076026
0.281000 -0.076016
0.281200 -0.076005
0.281400 -0.075995
0.281600 -0.075984
0.281800 -0.075974
0.282000 -0.075964
0.282200 -0.075953
0.282400 -0.075943
0.282600 -0.075932
0.282800 -0.075922
0.283000 -0.075912
0.283200 -0.075902
0.283400 -0.075891
0.283600 -0.075881
0.283800 -0.075871
0.284000 -0.075861
0.284200 -0.075850
0.284400 -0.075840
0.284600 -0.075830
0.284800 -0.075820
0.285000 -0.075810
0.285200 -0.075800
0.285400 -0.075790
0.285600 -0.075780
0.285800 -0.075770
0.286000 -0.075760
0.286200 -0.075750
0.286400 -0.075740
0.286600 -0.075730
0.286800 -0.075720
0.287000 -0.075710
0.287200 -0.075700
0.287400 -0.075690
0.287600 -0.075680
0.287800 -0.075670
0.288000 -0.075660
0.288200 -0.075650
0.288400 -0.075641
0.288600 -0.075631
0.288800 -0.075621
0.289000 -0.075611
0.289200 -0.075601
0.289400 -0.075592
0.289600 -0.075582
0.289800 -0.075572
0.290000 -0.075562
0.290200 -0.075553
0.290400 -0.075543
0.290600 -0.075534
0.290800 -0.075524
0.291000 -0.075514
0.291200 -0.075505
0.291400 -0.075495
0.291600 -0.075486
0.291800 -0.075476
0.292000 -0.075466
0.292200 -0.075457
0.292400 -0.075447
0.292600 -0.075438
0.292800 -0.075429
0.293000 -0.075419
0.293200 -0.075410
0.293400 -0.075400
0.293600 -0.075391
0.293800 -0.075381
0.294000 -0.075372
0.294200 -0.075363
0.294400 -0.075353
0.294600 -0.075344
0.294800 -0.075335
0.295000 -0.075326
0.295200 -0.075316
0.295400 -0.075307
0.295600 -0.075298
0.295800 -0.075289
0.296000 -0.075279
0.296200 -0.075270
0.296400 -0.075261
0.296600 -0.075252
0.296800 -0.075243
0.297000 -0.075234
0.297200 -0.075225
0.297400 -0.075215
0.297600 -0.075206
0.297800 -0.075197
0.298000 -0.075188
0.298200 -0.075179
0.298400 -0.075170
0.298600 -0.075161
0.298800 -0.075152
0.299000 -0.075143
0.299200 -0.075134
0.299400 -0.075126
0.299600 -0.075117
0.299800 -0.075108
0.300000 -0.075099
0.300200 -0.075090
0.300400 -0.075081
0.300600 -0.075072
0.300800 -0.075064
0.301000 -0.075055
0.301200 -0.075046
0.301400 -0.075037
0.301600 -0.075028
0.301800 -0.075020
0.302000 -0.075011
0.302200 -0.075002
0.302400 -0.074994
0.302600 -0.074985
0.302800 -0.074976
0.303000 -0.074968
0.303200 -0.074959
0.303400 -0.074951
0.303600 -0.074942
0.303800 -0.074934
0.304000 -0.074925
0.304200 -0.074916
0.304400 -0.074908
0.304600 -0.074899
0.304800 -0.074891
0.305000 -0.074883
0.305200 -0.074874
0.305400 -0.074866
0.305600 -0.074857
0.305800 -0.074849
0.306000 -0.074841
0.306200 -0.074832
0.306400 -0.074824
0.306600 -0.074816
0.306800 -0.074807
0.307000 -0.074799
0.307200 -0.074791
0.307400 -0.074783
0.307600 -0.074774
0.307800 -0.074766
0.308000 -0.074758
0.308200 -0.074750
0.308400 -0.074742
0.308600 -0.074733
0.308800 -0.074725
0.309000 -0.074717
0.309200 -0.074709
0.309400 -0.074701
0.309600 -0.074693
0.309800 -0.074685
0.310000 -0.074677
0.310200 -0.074669
0.310400 -0.074661
0.310600 -0.074653
0.310800 -0.074645
0.311000 -0.074637
0.311200 -0.074629
0.311400 -0.074621
0.311600 -0.074613
0.311800 -0.074606
0.312000 -0.074598
0.312200 -0.074590
0.312400 -0.074582
0.312600 -0.074574
0.312800 -0.074566
0.313000 -0.074559
0.313200 -0.074551
0.313400 -0.074543
0.313600 -0.074536
0.313800 -0.074528
0.314000 -0.074520
0.314200 -0.074513
0.314400 -0.074505
0.314600 -0.074497
0.314800 -0.074490
0.315000 -0.074482
0.315200 -0.074475
0.315400 -0.074467
0.315600 -0.074459
0.315800 -0.074452
0.316000 -0.074444
0.316200 -0.074437
0.316400 -0.074429
0.316600 -0.074422
0.316800 -0.074415
0.317000 -0.074407
0.317200 -0.074400
0.317400 -0.074392
0.317600 -0.074385
0.317800 -0.074378
0.318000 -0.074370
0.318200 -0.074363
0.318400 -0.074356
0.318600 -0.074348
0.318800 -0.074341
0.319000 -0.074334
0.319200 -0.074327
0.319400 -0.074320
0.319600 -0.074312
0.319800 -0.074305
0.320000 -0.074298
0.320200 -0.074291
0.320400 -0.074284
0.320600 -0.074277
0.320800 -0.074270
0.321000 -0.074262
0.321200 -0.074255
0.321400 -0.074248
0.321600 -0.074241
0.321800 -0.074234
0.322000 -0.074227
0.322200 -0.074220
0.322400 -0.074213
0.322600 -0.074206
0.322800 -0.074199
0.323000 -0.074193
0.323200 -0.074186
0.323400 -0.074179
0.323600 -0.074172
0.323800 -0.074165
0.324000 -0.074158
0.324200 -0.074151
0.324400 -0.074145
0.324600 -0.074138
0.324800 -0.074131
0.325000 -0.074124
0.325200 -0.074117
0.325400 -0.074111
0.325600 -0.074104
0.325800 -0.074097
0.326000 -0.074091
0.326200 -0.074084
0.326400 -0.074077
0.326600 -0.074071
0.326800 -0.074064
0.327000 -0.074057
0.327200 -0.074051
0.327400 -0.074044
0.327600 -0.074038
0.327800 -0.074031
0.328000 -0.074025
0.328200 -0.074018
0.328400 -0.074012
0.328600 -0.074005
0.328800 -0.073999
0.329000 -0.073992
0.329200 -0.073986
0.329400 -0.073979
0.329600 -0.073973
0.329800 -0.073966
0.330000 -0.073960
0.330200 -0.073954
0.330400 -0.073947
0.330600 -0.073941
0.330800 -0.073934
0.331000 -0.073928
0.331200 -0.073922
0.331400 -0.073915
0.331600 -0.073909
0.331800 -0.073903
0.332000 -0.073897
0.332200 -0.073890
0.332400 -0.073884
0.332600 -0.073878
0.332800 -0.073872
0.333000 -0.073865
0.333200 -0.073859
0.333400 -0.073853
0.333600 -0.073847
0.333800 -0.073841
0.334000 -0.073835
0.334200 -0.073828
0.334400 -0.073822
0.334600 -0.073816
0.334800 -0.073810
0.335000 -0.073804
0.335200 -0.073798
0.335400 -0.073792
0.335600 -0.073786
0.335800 -0.073780
0.336000 -0.073774
0.336200 -0.073768
0.336400 -0.073762
0.336600 -0.073756
0.336800 -0.073750
0.337000 -0.073744
0.337200 -0.073738
0.337400 -0.073732
0.337600 -0.073726
0.337800 -0.073720
0.338000 -0.073714
0.338200 -0.073708
0.338400 -0.073702
0.338600 -0.073696
0.338800 -0.073691
0.339000 -0.073685
0.339200 -0.073679
0.339400 -0.073673
0.339600 -0.073667
0.339800 -0.073661
0.340000 -0.073656
0.340200 -0.073650
0.340400 -0.073644
0.340600 -0.073638
0.340800 -0.073632
0.341000 -0.073627
0.341200 -0.073621
0.341400 -0.073615
0.341600 -0.073610
0.341800 -0.073604
0.342000 -0.073598
0.342200 -0.073592
0.342400 -0.073587
0.342600 -0.073581
0.342800 -0.073575
0.343000 -0.073570
0.343200 -0.073564
0.343400 -0.073558
0.343600 -0.073553
0.343800 -0.073547
0.344000 -0.073542
0.344200 -0.073536
0.344400 -0.073530
0.344600 -0.073525
0.344800 -0.073519
0.345000 -0.073514
0.345200 -0.073508
0.345400 -0.073503
0.345600 -0.073497
0.345800 -0.073492
0.346000 -0.073486
0.346200 -0.073481
0.346400 -0.073475
0.346600 -0.073470
0.346800 -0.073464
0.347000 -0.073459
0.347200 -0.073453
0.347400 -0.073448
0.347600 -0.073443
0.347800 -0.073437
0.348000 -0.073432
0.348200 -0.073426
0.348400 -0.073421
0.348600 -0.073416
0.348800 -0.073410
0.349000 -0.073405
0.349200 -0.073400
0.349400 -0.073394
0.349600 -0.073389
0.349800 -0.073384
0.350000 -0.073379
0.350200 -0.073373
0.350400 -0.073368
0.350600 -0.073363
0.350800 -0.073357
0.351000 -0.073352
0.351200 -0.073347
0.351400 -0.073342
0.351600 -0.073337
0.351800 -0.073331
0.352000 -0.073326
0.352200 -0.073321
0.352400 -0.073316
0.352600 -0.073311
0.352800 -0.073306
0.353000 -0.073300
0.353200 -0.073295
0.353400 -0.073290
0.353600 -0.073285
0.353800 -0.073280
0.354000 -0.073275
0.354200 -0.073270
0.354400 -0.073265
0.354600 -0.073260
0.354800 -0.073255
0.355000 -0.073250
0.355200 -0.073245
0.355400 -0.073240
0.355600 -0.073235
0.355800 -0.073230
0.356000 -0.073225
0.356200 -0.073220
0.356400 -0.073215
0.356600 -0.073210
0.356800 -0.073205
0.357000 -0.073200
0.357200 -0.073195
0.357400 -0.073190
0.357600 -0.073186
0.357800 -0.073181
0.358000 -0.073176
0.358200 -0.073171
0.358400 -0.073166
0.358600 -0.073161
0.358800 -0.073157
0.359000 -0.073152
0.359200 -0.073147
0.359400 -0.073142
0.359600 -0.073138
0.359800 -0.073133
0.360000 -0.073128
0.360200 -0.073123
0.360400 -0.073119
0.360600 -0.073114
0.360800 -0.073109
0.361000 -0.073105
0.361200 -0.073100
0.361400 -0.073095
0.361600 -0.073091
0.361800 -0.073086
0.362000 -0.073082
0.362200 -0.073077
0.362400 -0.073072
0.362600 -0.073068
0.362800 -0.073063
0.363000 -0.073059
0.363200 -0.073054
0.363400 -0.073050
0.363600 -0.073045
0.363800 -0.073041
0.364000 -0.073036
0.364200 -0.073032
0.364400 -0.073027
0.364600 -0.073023
0.364800 -0.073018
0.365000 -0.073014
0.365200 -0.073010
0.365400 -0.073005
0.365600 -0.073001
0.365800 -0.072997
0.366000 -0.072992
0.366200 -0.072988
0.366400 -0.072984
0.366600 -0.072979
0.366800 -0.072975
0.367000 -0.072971
0.367200 -0.072967
0.367400 -0.072962
0.367600 -0.072958
0.367800 -0.072954
0.368000 -0.072950
0.368200 -0.072945
0.368400 -0.072941
0.368600 -0.072937
0.368800 -0.072933
0.369000 -0.072929
0.369200 -0.072925
0.369400 -0.072921
0.369600 -0.072917
0.369800 -0.072913
0.370000 -0.072908
0.370200 -0.072904
0.370400 -0.072900
0.370600 -0.072896
0.370800 -0.072892
0.371000 -0.072888
0.371200 -0.072884
0.371400 -0.072881
0.371600 -0.072877
0.371800 -0.072873
0.372000 -0.072869
0.372200 -0.072865
0.372400 -0.072861
0.372600 -0.072857
0.372800 -0.072853
0.373000 -0.072849
0.373200 -0.072846
0.373400 -0.072842
0.373600 -0.072838
0.373800 -0.072834
0.374000 -0.072831
0.374200 -0.072827
0.374400 -0.072823
0.374600 -0.072819
0.374800 -0.072816
0.375000 -0.072812
0.375200 -0.072808
0.375400 -0.072805
0.375600 -0.072801
0.375800 -0.072797
0.376000 -0.072794
0.376200 -0.072790
0.376400 -0.072787
0.376600 -0.072783
0.376800 -0.072780
0.377000 -0.072776
0.377200 -0.072772
0.377400 -0.072769
0.377600 -0.072765
0.377800 -0.072762
0.378000 -0.072759
0.378200 -0.072755
0.378400 -0.072752
0.378600 -0.072748
0.378800 -0.072745
0.379000 -0.072742
0.379200 -0.072738
0.379400 -0.072735
0.379600 -0.072732
0.379800 -0.072728
0.380000 -0.072725
0.380200 -0.072722
0.380400 -0.072718
0.380600 -0.072715
0.380800 -0.072712
0.381000 -0.072709
0.381200 -0.072705
0.381400 -0.072702
0.381600 -0.072699
0.381800 -0.072696
0.382000 -0.072693
0.382200 -0.072690
0.382400 -0.072687
0.382600 -0.072683
0.382800 -0.072680
0.383000 -0.072677
0.383200 -0.072674
0.383400 -0.072671
0.383600 -0.072668
0.383800 -0.072665
0.384000 -0.072662
0.384200 -0.072659
0.384400 -0.072656
0.384600 -0.072653
0.384800 -0.072650
0.385000 -0.072648
0.385200 -0.072645
0.385400 -0.072642
0.385600 -0.072639
0.385800 -0.072636
0.386000 -0.072633
0.386200 -0.072630
0.386400 -0.072628
0.386600 -0.072625
0.386800 -0.072622
0.387000 -0.072619
0.387200 -0.072617
0.387400 -0.072614
0.387600 -0.072611
0.387800 -0.072608
0.388000 -0.072606
0.388200 -0.072603
0.388400 -0.072601
0.388600 -0.072598
0.388800 -0.072595
0.389000 -0.072593
0.389200 -0.072590
0.389400 -0.072588
0.389600 -0.072585
0.389800 -0.072582
0.390000 -0.072580
0.390200 -0.072577
0.390400 -0.072575
0.390600 -0.072572
0.390800 -0.072570
0.391000 -0.072568
0.391200 -0.072565
0.391400 -0.072563
0.391600 -0.072560
0.391800 -0.072558
0.392000 -0.072556
0.392200 -0.072553
0.392400 -0.072551
0.392600 -0.072548
0.392800 -0.072546
0.393000 -0.072544
0.393200 -0.072542
0.393400 -0.072539
0.393600 -0.072537
0.393800 -0.072535
0.394000 -0.072533
0.394200 -0.072530
0.394400 -0.072528
0.394600 -0.072526
0.394800 -0.072524
0.395000 -0.072522
0.395200 -0.072520
0.395400 -0.072517
0.395600 -0.072515
0.395800 -0.072513
0.396000 -0.072511
0.396200 -0.072509
0.396400 -0.072507
0.396600 -0.072505
0.396800 -0.072503
0.397000 -0.072501
0.397200 -0.072499
0.397400 -0.072497
0.397600 -0.072495
0.397800 -0.072493
0.398000 -0.072491
0.398200 -0.072489
0.398400 -0.072487
0.398600 -0.072485
0.398800 -0.072483
0.399000 -0.072482
0.399200 -0.072480
0.399400 -0.072478
0.399600 -0.072476
0.399800 -0.072474
0.400000 -0.072472
0.400200 -0.072471
0.400400 -0.072469
0.400600 -0.072467
0.400800 -0.072465
0.401000 -0.072464
0.401200 -0.072462
0.401400 -0.072460
0.401600 -0.072458
0.401800 -0.072457
0.402000 -0.072455
0.402200 -0.072453
0.402400 -0.072452
0.402600 -0.072450
0.402800 -0.072449
0.403000 -0.072447
0.403200 -0.072445
0.403400 -0.072444
0.403600 -0.072442
0.403800 -0.072441
0.404000 -0.072439
0.404200 -0.072438
0.404400 -0.072436
0.404600 -0.072434
0.404800 -0.072433
0.405000 -0.072431
0.405200 -0.072430
0.405400 -0.072429
0.405600 -0.072427
0.405800 -0.072426
0.406000 -0.072424
0.406200 -0.072423
0.406400 -0.072421
0.406600 -0.072420
0.406800 -0.072419
0.407000 -0.072417
0.407200 -0.072416
0.407400 -0.072415
0.407600 -0.072413
0.407800 -0.072412
0.408000 -0.072411
0.408200 -0.072409
0.408400 -0.072408
0.408600 -0.072407
0.408800 -0.072406
0.409000 -0.072404
0.409200 -0.072403
0.409400 -0.072402
0.409600 -0.072401
0.409800 -0.072399
0.410000 -0.072398
0.410200 -0.072397
0.410400 -0.072396
0.410600 -0.072395
0.410800 -0.072394
0.411000 -0.072392
0.411200 -0.072391
0.411400 -0.072390
0.411600 -0.072389
0.411800 -0.072388
0.412000 -0.072387
0.412200 -0.072386
0.412400 -0.072385
0.412600 -0.072384
0.412800 -0.072383
0.413000 -0.072382
0.413200 -0.072381
0.413400 -0.072380
0.413600 -0.072379
0.413800 -0.072378
0.414000 -0.072377
0.414200 -0.072376
0.414400 -0.072375
0.414600 -0.072374
0.414800 -0.072373
0.415000 -0.072372
0.415200 -0.072371
0.415400 -0.072370
0.415600 -0.072369
0.415800 -0.072368
0.416000 -0.072368
0.416200 -0.072367
0.416400 -0.072366
0.416600 -0.072365
0.416800 -0.072364
0.417000 -0.072363
0.417200 -0.072362
0.417400 -0.072362
0.417600 -0.072361
0.417800 -0.072360
0.418000 -0.072359
0.418200 -0.072359
0.418400 -0.072358
0.418600 -0.072357
0.418800 -0.072356
0.419000 -0.072356
0.419200 -0.072355
0.419400 -0.072354
0.419600 -0.072353
0.419800 -0.072353
0.420000 -0.072352
0.420200 -0.072351
0.420400 -0.072351
0.420600 -0.072350
0.420800 -0.072349
0.421000 -0.072349
0.421200 -0.072348
0.421400 -0.072347
0.421600 -0.072347
0.421800 -0.072346
0.422000 -0.072346
0.422200 -0.072345
0.422400 -0.072344
0.422600 -0.072344
0.422800 -0.072343
0.423000 -0.072343
0.423200 -0.072342
0.423400 -0.072342
0.423600 -0.072341
0.423800 -0.072340
0.424000 -0.072340
0.424200 -0.072339
0.424400 -0.072339
0.424600 -0.072338
0.424800 -0.072338
0.425000 -0.072337
0.425200 -0.072337
0.425400 -0.072336
0.425600 -0.072336
0.425800 -0.072336
0.426000 -0.072335
0.426200 -0.072335
0.426400 -0.072334
0.426600 -0.072334
0.426800 -0.072333
0.427000 -0.072333
0.427200 -0.072333
0.427400 -0.072332
0.427600 -0.072332
0.427800 -0.072331
0.428000 -0.072331
0.428200 -0.072331
0.428400 -0.072330
0.428600 -0.072330
0.428800 -0.072330
0.429000 -0.072329
0.429200 -0.072329
0.429400 -0.072329
0.429600 -0.072328
0.429800 -0.072328
0.430000 -0.072328
0.430200 -0.072327
0.430400 -0.072327
0.430600 -0.072327
0.430800 -0.072327
0.431000 -0.072326
0.431200 -0.072326
0.431400 -0.072326
0.431600 -0.072326
0.431800 -0.072325
0.432000 -0.072325
0.432200 -0.072325
0.432400 -0.072325
0.432600 -0.072324
0.432800 -0.072324
0.433000 -0.072324
0.433200 -0.072324
0.433400 -0.072324
0.433600 -0.072323
0.433800 -0.072323
0.434000 -0.072323
0.434200 -0.072323
0.434400 -0.072323
0.434600 -0.072323
0.434800 -0.072322
0.435000 -0.072322
0.435200 -0.072322
0.435400 -0.072322
0.435600 -0.072322
0.435800 -0.072322
0.436000 -0.072322
0.436200 -0.072322
0.436400 -0.072321
0.436600 -0.072321
0.436800 -0.072321
0.437000 -0.072321
0.437200 -0.072321
0.437400 -0.072321
0.437600 -0.072321
0.437800 -0.072321
0.438000 -0.072321
0.438200 -0.072321
0.438400 -0.072321
0.438600 -0.072321
0.438800 -0.072321
0.439000 -0.072321
0.439200 -0.072321
0.439400 -0.072321
0.439600 -0.072320
0.439800 -0.072320
0.440000 -0.072320
0.440200 -0.072320
0.440400 -0.072320
0.440600 -0.072320
0.440800 -0.072320
0.441000 -0.072321
0.441200 -0.072321
0.441400 -0.072321
0.441600 -0.072321
0.441800 -0.072321
0.442000 -0.072321
0.442200 -0.072321
0.442400 -0.072321
0.442600 -0.072321
0.442800 -0.072321
0.443000 -0.072321
0.443200 -0.072321
0.443400 -0.072321
0.443600 -0.072321
0.443800 -0.072321
0.444000 -0.072321
0.444200 -0.072321
0.444400 -0.072322
0.444600 -0.072322
0.444800 -0.072322
0.445000 -0.072322
0.445200 -0.072322
0.445400 -0.072322
0.445600 -0.072322
0.445800 -0.072322
0.446000 -0.072322
0.446200 -0.072323
0.446400 -0.072323
0.446600 -0.072323
0.446800 -0.072323
0.447000 -0.072323
0.447200 -0.072323
0.447400 -0.072324
0.447600 -0.072324
0.447800 -0.072324
0.448000 -0.072324
0.448200 -0.072324
0.448400 -0.072324
0.448600 -0.072325
0.448800 -0.072325
0.449000 -0.072325
0.449200 -0.072325
0.449400 -0.072325
0.449600 -0.072326
0.449800 -0.072326
0.450000 -0.072326
0.450200 -0.072326
0.450400 -0.072326
0.450600 -0.072327
0.450800 -0.072327
0.451000 -0.072327
0.451200 -0.072327
0.451400 -0.072328
0.451600 -0.072328
0.451800 -0.072328
0.452000 -0.072328
0.452200 -0.072329
0.452400 -0.072329
0.452600 -0.072329
0.452800 -0.072329
0.453000 -0.072330
0.453200 -0.072330
0.453400 -0.072330
0.453600 -0.072331
0.453800 -0.072331
0.454000 -0.072331
0.454200 -0.072331
0.454400 -0.072332
0.454600 -0.072332
0.454800 -0.072332
0.455000 -0.072333
0.455200 -0.072333
0.455400 -0.072333
0.455600 -0.072333
0.455800 -0.072334
0.456000 -0.072334
0.456200 -0.072334
0.456400 -0.072335
0.456600 -0.072335
0.456800 -0.072335
0.457000 -0.072336
0.457200 -0.072336
0.457400 -0.072336
0.457600 -0.072337
0.457800 -0.072337
0.458000 -0.072337
0.458200 -0.072338
0.458400 -0.072338
0.458600 -0.072339
0.458800 -0.072339
0.459000 -0.072339
0.459200 -0.072340
0.459400 -0.072340
0.459600 -0.072340
0.459800 -0.072341
0.460000 -0.072341
0.460200 -0.072342
0.460400 -0.072342
0.460600 -0.072342
0.460800 -0.072343
0.461000 -0.072343
0.461200 -0.072343
0.461400 -0.072344
0.461600 -0.072344
0.461800 -0.072345
0.462000 -0.072345
0.462200 -0.072345
0.462400 -0.072346
0.462600 -0.072346
0.462800 -0.072347
0.463000 -0.072347
0.463200 -0.072348
0.463400 -0.072348
0.463600 -0.072348
0.463800 -0.072349
0.464000 -0.072349
0.464200 -0.072350
0.464400 -0.072350
0.464600 -0.072351
0.464800 -0.072351
0.465000 -0.072351
0.465200 -0.072352
0.465400 -0.072352
0.465600 -0.072353
0.465800 -0.072353
0.466000 -0.072354
0.466200 -0.072354
0.466400 -0.072355
0.466600 -0.072355
0.466800 -0.072356
0.467000 -0.072356
0.467200 -0.072356
0.467400 -0.072357
0.467600 -0.072357
0.467800 -0.072358
0.468000 -0.072358
0.468200 -0.072359
0.468400 -0.072359
0.468600 -0.072360
0.468800 -0.072360
0.469000 -0.072361
0.469200 -0.072361
0.469400 -0.072362
0.469600 -0.072362
0.469800 -0.072363
0.470000 -0.072363
0.470200 -0.072364
0.470400 -0.072364
0.470600 -0.072365
0.470800 -0.072365
0.471000 -0.072366
0.471200 -0.072366
0.471400 -0.072367
0.471600 -0.072367
0.471800 -0.072368
0.472000 -0.072368
0.472200 -0.072369
0.472400 -0.072369
0.472600 -0.072370
0.472800 -0.072370
0.473000 -0.072371
0.473200 -0.072371
0.473400 -0.072372
0.473600 -0.072373
0.473800 -0.072373
0.474000 -0.072374
0.474200 -0.072374
0.474400 -0.072375
0.474600 -0.072375
0.474800 -0.072376
0.475000 -0.072376
0.475200 -0.072377
0.475400 -0.072377
0.475600 -0.072378
0.475800 -0.072379
0.476000 -0.072379
0.476200 -0.072380
0.476400 -0.072380
0.476600 -0.072381
0.476800 -0.072381
0.477000 -0.072382
0.477200 -0.072382
0.477400 -0.072383
0.477600 -0.072384
0.477800 -0.072384
0.478000 -0.072385
0.478200 -0.072385
0.478400 -0.072386
0.478600 -0.072386
0.478800 -0.072387
0.479000 -0.072388
0.479200 -0.072388
0.479400 -0.072389
0.479600 -0.072389
0.479800 -0.072390
0.480000 -0.072390
0.480200 -0.072391
0.480400 -0.072392
0.480600 -0.072392
0.480800 -0.072393
0.481000 -0.072393
0.481200 -0.072394
0.481400 -0.072395
0.481600 -0.072395
0.481800 -0.072396
0.482000 -0.072396
0.482200 -0.072397
0.482400 -0.072398
0.482600 -0.072398
0.482800 -0.072399
0.483000 -0.072399
0.483200 -0.072400
0.483400 -0.072401
0.483600 -0.072401
0.483800 -0.072402
0.484000 -0.072402
0.484200 -0.072403
0.484400 -0.072404
0.484600 -0.072404
0.484800 -0.072405
0.485000 -0.072406
0.485200 -0.072406
0.485400 -0.072407
0.485600 -0.072407
0.485800 -0.072408
0.486000 -0.072409
0.486200 -0.072409
0.486400 -0.072410
0.486600 -0.072410
0.486800 -0.072411
0.487000 -0.072412
0.487200 -0.072412
0.487400 -0.072413
0.487600 -0.072414
0.487800 -0.072414
0.488000 -0.072415
0.488200 -0.072416
0.488400 -0.072416
0.488600 -0.072417
0.488800 -0.072417
0.489000 -0.072418
0.489200 -0.072419
0.489400 -0.072419
0.489600 -0.072420
0.489800 -0.072421
0.490000 -0.072421
0.490200 -0.072422
0.490400 -0.072423
0.490600 -0.072423
0.490800 -0.072424
0.491000 -0.072425
0.491200 -0.072425
0.491400 -0.072426
0.491600 -0.072427
0.491800 -0.072427
0.492000 -0.072428
0.492200 -0.072428
0.492400 -0.072429
0.492600 -0.072430
0.492800 -0.072430
0.493000 -0.072431
0.493200 -0.072432
0.493400 -0.072432
0.493600 -0.072433
0.493800 -0.072434
0.494000 -0.072434
0.494200 -0.072435
0.494400 -0.072436
0.494600 -0.072436
0.494800 -0.072437
0.495000 -0.072438
0.495200 -0.072438
0.495400 -0.072439
0.495600 -0.072440
0.495800 -0.072440
0.496000 -0.072441
0.496200 -0.072442
0.496400 -0.072442
0.496600 -0.072443
0.496800 -0.072444
0.497000 -0.072444
0.497200 -0.072445
0.497400 -0.072446
0.497600 -0.072446
0.497800 -0.072447
0.498000 -0.072448
0.498200 -0.072449
0.498400 -0.072449
0.498600 -0.072450
0.498800 -0.072451
0.499000 -0.072451
0.499200 -0.072452
0.499400 -0.072453
0.499600 -0.072453
0.499800 -0.072454
0.500000 -0.072455
0.500200 -0.072455
0.500400 -0.072456
0.500600 -0.072457
0.500800 -0.072457
0.501000 -0.072458
0.501200 -0.072459
0.501400 -0.072459
0.501600 -0.072460
0.501800 -0.072461
0.502000 -0.072462
0.502200 -0.072462
0.502400 -0.072463
0.502600 -0.072464
0.502800 -0.072464
0.503000 -0.072465
0.503200 -0.072466
0.503400 -0.072466
0.503600 -0.072467
0.503800 -0.072468
0.504000 -0.072468
0.504200 -0.072469
0.504400 -0.072470
0.504600 -0.072471
0.504800 -0.072471
0.505000 -0.072472
0.505200 -0.072473
0.505400 -0.072473
0.505600 -0.072474
0.505800 -0.072475
0.506000 -0.072475
0.506200 -0.072476
0.506400 -0.072477
0.506600 -0.072478
0.506800 -0.072478
0.507000 -0.072479
0.507200 -0.072480
0.507400 -0.072480
0.507600 -0.072481
0.507800 -0.072482
0.508000 -0.072483
0.508200 -0.072483
0.508400 -0.072484
0.508600 -0.072485
0.508800 -0.072485
0.509000 -0.072486
0.509200 -0.072487
0.509400 -0.072487
0.509600 -0.072488
0.509800 -0.072489
0.510000 -0.072490
0.510200 -0.072490
0.510400 -0.072491
0.510600 -0.072492
0.510800 -0.072492
0.511000 -0.072493
0.511200 -0.072494
0.511400 -0.072495
0.511600 -0.072495
0.511800 -0.072496
0.512000 -0.072497
0.512200 -0.072497
0.512400 -0.072498
0.512600 -0.072499
0.512800 -0.072500
0.513000 -0.072500
0.513200 -0.072501
0.513400 -0.072502
0.513600 -0.072502
0.513800 -0.072503
0.514000 -0.072504
0.514200 -0.072505
0.514400 -0.072505
0.514600 -0.072506
0.514800 -0.072507
0.515000 -0.072507
0.515200 -0.072508
0.515400 -0.072509
0.515600 -0.072510
0.515800 -0.072510
0.516000 -0.072511
0.516200 -0.072512
0.516400 -0.072512
0.516600 -0.072513
0.516800 -0.072514
0.517000 -0.072515
0.517200 -0.072515
0.517400 -0.072516
0.517600 -0.072517
0.517800 -0.072518
0.518000 -0.072518
0.518200 -0.072519
0.518400 -0.072520
0.518600 -0.072520
0.518800 -0.072521
0.519000 -0.072522
0.519200 -0.072523
0.519400 -0.072523
0.519600 -0.072524
0.519800 -0.072525
0.520000 -0.072525
0.520200 -0.072526
0.520400 -0.072527
0.520600 -0.072528
0.520800 -0.072528
0.521000 -0.072529
0.521200 -0.072530
0.521400 -0.072530
0.521600 -0.072531
0.521800 -0.072532
0.522000 -0.072533
0.522200 -0.072533
0.522400 -0.072534
0.522600 -0.072535
0.522800 -0.072536
0.523000 -0.072536
0.523200 -0.072537
0.523400 -0.072538
0.523600 -0.072538
0.523800 -0.072539
0.524000 -0.072540
0.524200 -0.072541
0.524400 -0.072541
0.524600 -0.072542
0.524800 -0.072543
0.525000 -0.072544
0.525200 -0.072544
0.525400 -0.072545
0.525600 -0.072546
0.525800 -0.072546
0.526000 -0.072547
0.526200 -0.072548
0.526400 -0.072549
0.526600 -0.072549
0.526800 -0.072550
0.527000 -0.072551
0.527200 -0.072551
0.527400 -0.072552
0.527600 -0.072553
0.527800 -0.072554
0.528000 -0.072554
0.528200 -0.072555
0.528400 -0.072556
0.528600 -0.072557
0.528800 -0.072557
0.529000 -0.072558
0.529200 -0.072559
0.529400 -0.072559
0.529600 -0.072560
0.529800 -0.072561
0.530000 -0.072562
0.530200 -0.072562
0.530400 -0.072563
0.530600 -0.072564
0.530800 -0.072564
0.531000 -0.072565
0.531200 -0.072566
0.531400 -0.072567
0.531600 -0.072567
0.531800 -0.072568
0.532000 -0.072569
0.532200 -0.072570
0.532400 -0.072570
0.532600 -0.072571
0.532800 -0.072572
0.533000 -0.072572
0.533200 -0.072573
0.533400 -0.072574
0.533600 -0.072575
0.533800 -0.072575
0.534000 -0.072576
0.534200 -0.072577
0.534400 -0.072577
0.534600 -0.072578
0.534800 -0.072579
0.535000 -0.072580
0.535200 -0.072580
0.535400 -0.072581
0.535600 -0.072582
0.535800 -0.072582
0.536000 -0.072583
0.536200 -0.072584
0.536400 -0.072585
0.536600 -0.072585
0.536800 -0.072586
0.537000 -0.072587
0.537200 -0.072587
0.537400 -0.072588
0.537600 -0.072589
0.537800 -0.072590
0.538000 -0.072590
0.538200 -0.072591
0.538400 -0.072592
0.538600 -0.072592
0.538800 -0.072593
0.539000 -0.072594
0.539200 -0.072595
0.539400 -0.072595
0.539600 -0.072596
0.539800 -0.072597
0.540000 -0.072597
0.540200 -0.072598
0.540400 -0.072599
0.540600 -0.072600
0.540800 -0.072600
0.541000 -0.072601
0.541200 -0.072602
0.541400 -0.072602
0.541600 -0.072603
0.541800 -0.072604
0.542000 -0.072605
0.542200 -0.072605
0.542400 -0.072606
0.542600 -0.072607
0.542800 -0.072607
0.543000 -0.072608
0.543200 -0.072609
0.543400 -0.072610
0.543600 -0.072610
0.543800 -0.072611
0.544000 -0.072612
0.544200 -0.072612
0.544400 -0.072613
0.544600 -0.072614
0.544800 -0.072615
0.545000 -0.072615
0.545200 -0.072616
0.545400 -0.072617
0.545600 -0.072617
0.545800 -0.072618
0.546000 -0.072619
0.546200 -0.072619
0.546400 -0.072620
0.546600 -0.072621
0.546800 -0.072622
0.547000 -0.072622
0.547200 -0.072623
0.547400 -0.072624
0.547600 -0.072624
0.547800 -0.072625
0.548000 -0.072626
0.548200 -0.072626
0.548400 -0.072627
0.548600 -0.072628
0.548800 -0.072629
0.549000 -0.072629
0.549200 -0.072630
0.549400 -0.072631
0.549600 -0.072631
0.549800 -0.072632
0.550000 -0.072633
0.550200 -0.072633
0.550400 -0.072634
0.550600 -0.072635
0.550800 -0.072636
0.551000 -0.072636
0.551200 -0.072637
0.551400 -0.072638
0.551600 -0.072638
0.551800 -0.072639
0.552000 -0.072640
0.552200 -0.072640
0.552400 -0.072641
0.552600 -0.072642
0.552800 -0.072642
0.553000 -0.072643
0.553200 -0.072644
0.553400 -0.072645
0.553600 -0.072645
0.553800 -0.072646
0.554000 -0.072647
0.554200 -0.072647
0.554400 -0.072648
0.554600 -0.072649
0.554800 -0.072649
0.555000 -0.072650
0.555200 -0.072651
0.555400 -0.072651
0.555600 -0.072652
0.555800 -0.072653
0.556000 -0.072653
0.556200 -0.072654
0.556400 -0.072655
0.556600 -0.072655
0.556800 -0.072656
0.557000 -0.072657
0.557200 -0.072658
0.557400 -0.072658
0.557600 -0.072659
0.557800 -0.072660
0.558000 -0.072660
0.558200 -0.072661
0.558400 -0.072662
0.558600 -0.072662
0.558800 -0.072663
0.559000 -0.072664
0.559200 -0.072664
0.559400 -0.072665
0.559600 -0.072666
0.559800 -0.072666
0.560000 -0.072667
0.560200 -0.072668
0.560400 -0.072668
0.560600 -0.072669
0.560800 -0.072670
0.561000 -0.072670
0.561200 -0.072671
0.561400 -0.072672
0.561600 -0.072672
0.561800 -0.072673
0.562000 -0.072674
0.562200 -0.072674
0.562400 -0.072675
0.562600 -0.072676
0.562800 -0.072676
0.563000 -0.072677
0.563200 -0.072678
0.563400 -0.072678
0.563600 -0.072679
0.563800 -0.072680
0.564000 -0.072680
0.564200 -0.072681
0.564400 -0.072682
0.564600 -0.072682
0.564800 -0.072683
0.565000 -0.072684
0.565200 -0.072684
0.565400 -0.072685
0.565600 -0.072686
0.565800 -0.072686
0.566000 -0.072687
0.566200 -0.072688
0.566400 -0.072688
0.566600 -0.072689
0.566800 -0.072690
0.567000 -0.072690
0.567200 -0.072691
0.567400 -0.072692
0.567600 -0.072692
0.567800 -0.072693
0.568000 -0.072693
0.568200 -0.072694
0.568400 -0.072695
0.568600 -0.072695
0.568800 -0.072696
0.569000 -0.072697
0.569200 -0.072697
0.569400 -0.072698
0.569600 -0.072699
0.569800 -0.072699
0.570000 -0.072700
0.570200 -0.072701
0.570400 -0.072701
0.570600 -0.072702
0.570800 -0.072702
0.571000 -0.072703
0.571200 -0.072704
0.571400 -0.072704
0.571600 -0.072705
0.571800 -0.072706
0.572000 -0.072706
0.572200 -0.072707
0.572400 -0.072708
0.572600 -0.072708
0.572800 -0.072709
0.573000 -0.072709
0.573200 -0.072710
0.573400 -0.072711
0.573600 -0.072711
0.573800 -0.072712
0.574000 -0.072713
0.574200 -0.072713
0.574400 -0.072714
0.574600 -0.072715
0.574800 -0.072715
0.575000 -0.072716
0.575200 -0.072716
0.575400 -0.072717
0.575600 -0.072718
0.575800 -0.072718
0.576000 -0.072719
0.576200 -0.072720
0.576400 -0.072720
0.576600 -0.072721
0.576800 -0.072721
0.577000 -0.072722
0.577200 -0.072723
0.577400 -0.072723
0.577600 -0.072724
0.577800 -0.072724
0.578000 -0.072725
0.578200 -0.072726
0.578400 -0.072726
0.578600 -0.072727
0.578800 -0.072728
0.579000 -0.072728
0.579200 -0.072729
0.579400 -0.072729
0.579600 -0.072730
0.579800 -0.072731
0.580000 -0.072731
0.580200 -0.072732
0.580400 -0.072732
0.580600 -0.072733
0.580800 -0.072734
0.581000 -0.072734
0.581200 -0.072735
0.581400 -0.072735
0.581600 -0.072736
0.581800 -0.072737
0.582000 -0.072737
0.582200 -0.072738
0.582400 -0.072738
0.582600 -0.072739
0.582800 -0.072740
0.583000 -0.072740
0.583200 -0.072741
0.583400 -0.072741
0.583600 -0.072742
0.583800 -0.072743
0.584000 -0.072743
0.584200 -0.072744
0.584400 -0.072744
0.584600 -0.072745
0.584800 -0.072746
0.585000 -0.072746
0.585200 -0.072747
0.585400 -0.072747
0.585600 -0.072748
0.585800 -0.072748
0.586000 -0.072749
0.586200 -0.072750
0.586400 -0.072750
0.586600 -0.072751
0.586800 -0.072751
0.587000 -0.072752
0.587200 -0.072753
0.587400 -0.072753
0.587600 -0.072754
0.587800 -0.072754
0.588000 -0.072755
0.588200 -0.072755
0.588400 -0.072756
0.588600 -0.072757
0.588800 -0.072757
0.589000 -0.072758
0.589200 -0.072758
0.589400 -0.072759
0.589600 -0.072759
0.589800 -0.072760
0.590000 -0.072761
0.590200 -0.072761
0.590400 -0.072762
0.590600 -0.072762
0.590800 -0.072763
0.591000 -0.072763
0.591200 -0.072764
0.591400 -0.072764
0.591600 -0.072765
0.591800 -0.072766
0.592000 -0.072766
0.592200 -0.072767
0.592400 -0.072767
0.592600 -0.072768
0.592800 -0.072768
0.593000 -0.072769
0.593200 -0.072769
0.593400 -0.072770
0.593600 -0.072771
0.593800 -0.072771
0.594000 -0.072772
0.594200 -0.072772
0.594400 -0.072773
0.594600 -0.072773
0.594800 -0.072774
0.595000 -0.072774
0.595200 -0.072775
0.595400 -0.072775
0.595600 -0.072776
0.595800 -0.072777
0.596000 -0.072777
0.596200 -0.072778
0.596400 -0.072778
0.596600 -0.072779
0.596800 -0.072779
0.597000 -0.072780
0.597200 -0.072780
0.597400 -0.072781
0.597600 -0.072781
0.597800 -0.072782
0.598000 -0.072782
0.598200 -0.072783
0.598400 -0.072784
0.598600 -0.072784
0.598800 -0.072785
0.599000 -0.072785
0.599200 -0.072786
0.599400 -0.072786
0.599600 -0.072787
0.599800 -0.072787
0.600000 -0.072879
0.600200 -0.073736
0.600400 -0.074220
0.600600 -0.074588
0.600800 -0.074896
0.601000 -0.075165
0.601200 -0.075406
0.601400 -0.075627
0.601600 -0.075831
0.601800 -0.076022
0.602000 -0.076201
0.602200 -0.076370
0.602400 -0.076531
0.602600 -0.076684
0.602800 -0.076831
0.603000 -0.076972
0.603200 -0.077108
0.603400 -0.077238
0.603600 -0.077365
0.603800 -0.077487
0.604000 -0.077606
0.604200 -0.077721
0.604400 -0.077833
0.604600 -0.077942
0.604800 -0.078048
0.605000 -0.078151
0.605200 -0.078252
0.605400 -0.078351
0.605600 -0.078448
0.605800 -0.078542
0.606000 -0.078635
0.606200 -0.078726
0.606400 -0.078814
0.606600 -0.078902
0.606800 -0.078987
0.607000 -0.079072
0.607200 -0.079154
0.607400 -0.079236
0.607600 -0.079316
0.607800 -0.079395
0.608000 -0.079472
0.608200 -0.079548
0.608400 -0.079624
0.608600 -0.079698
0.608800 -0.079771
0.609000 -0.079843
0.609200 -0.079914
0.609400 -0.079984
0.609600 -0.080053
0.609800 -0.080122
0.610000 -0.080189
0.610200 -0.080256
0.610400 -0.080322
0.610600 -0.080387
0.610800 -0.080451
0.611000 -0.080515
0.611200 -0.080577
0.611400 -0.080639
0.611600 -0.080701
0.611800 -0.080762
0.612000 -0.080822
0.612200 -0.080881
0.612400 -0.080940
0.612600 -0.080998
0.612800 -0.081056
0.613000 -0.081113
0.613200 -0.081170
0.613400 -0.081226
0.613600 -0.081281
0.613800 -0.081336
0.614000 -0.081390
0.614200 -0.081444
0.614400 -0.081497
0.614600 -0.081550
0.614800 -0.081603
0.615000 -0.081654
0.615200 -0.081706
0.615400 -0.081757
0.615600 -0.081807
0.615800 -0.081857
0.616000 -0.081907
0.616200 -0.081956
0.616400 -0.082004
0.616600 -0.082053
0.616800 -0.082101
0.617000 -0.082148
0.617200 -0.082195
0.617400 -0.082242
0.617600 -0.082288
0.617800 -0.082334
0.618000 -0.082379
0.618200 -0.082424
0.618400 -0.082469
0.618600 -0.082513
0.618800 -0.082557
0.619000 -0.082601
0.619200 -0.082644
0.619400 -0.082687
0.619600 -0.082730
0.619800 -0.082772
0.620000 -0.082814
0.620200 -0.082855
0.620400 -0.082896
0.620600 -0.082937
0.620800 -0.082978
0.621000 -0.083018
0.621200 -0.083058
0.621400 -0.083097
0.621600 -0.083137
0.621800 -0.083176
0.622000 -0.083214
0.622200 -0.083252
0.622400 -0.083291
0.622600 -0.083328
0.622800 -0.083366
0.623000 -0.083403
0.623200 -0.083440
0.623400 -0.083476
0.623600 -0.083513
0.623800 -0.083549
0.624000 -0.083584
0.624200 -0.083620
0.624400 -0.083655
0.624600 -0.083690
0.624800 -0.083724
0.625000 -0.083759
0.625200 -0.083793
0.625400 -0.083827
0.625600 -0.083860
0.625800 -0.083894
0.626000 -0.083927
0.626200 -0.083960
0.626400 -0.083992
0.626600 -0.084024
0.626800 -0.084056
0.627000 -0.084088
0.627200 -0.084120
0.627400 -0.084151
0.627600 -0.084182
0.627800 -0.084213
0.628000 -0.084244
0.628200 -0.084274
0.628400 -0.084304
0.628600 -0.084334
0.628800 -0.084364
0.629000 -0.084393
0.629200 -0.084422
0.629400 -0.084451
0.629600 -0.084480
0.629800 -0.084509
0.630000 -0.084537
0.630200 -0.084565
0.630400 -0.084593
0.630600 -0.084621
0.630800 -0.084648
0.631000 -0.084676
0.631200 -0.084703
0.631400 -0.084730
0.631600 -0.084756
0.631800 -0.084783
0.632000 -0.084809
0.632200 -0.084835
0.632400 -0.084861
0.632600 -0.084887
0.632800 -0.084912
0.633000 -0.084937
0.633200 -0.084962
0.633400 -0.084987
0.633600 -0.085012
0.633800 -0.085036
0.634000 -0.085061
0.634200 -0.085085
0.634400 -0.085109
0.634600 -0.085132
0.634800 -0.085156
0.635000 -0.085179
0.635200 -0.085203
0.635400 -0.085226
0.635600 -0.085249
0.635800 -0.085271
0.636000 -0.085294
0.636200 -0.085316
0.636400 -0.085338
0.636600 -0.085360
0.636800 -0.085382
0.637000 -0.085404
0.637200 -0.085425
0.637400 -0.085446
0.637600 -0.085468
0.637800 -0.085489
0.638000 -0.085509
0.638200 -0.085530
0.638400 -0.085551
0.638600 -0.085571
0.638800 -0.085591
0.639000 -0.085611
0.639200 -0.085631
0.639400 -0.085651
0.639600 -0.085671
0.639800 -0.085690
0.640000 -0.085709
0.640200 -0.085728
0.640400 -0.085747
0.640600 -0.085766
0.640800 -0.085785
0.641000 -0.085804
0.641200 -0.085822
0.641400 -0.085840
0.641600 -0.085858
0.641800 -0.085876
0.642000 -0.085894
0.642200 -0.085912
0.642400 -0.085930
0.642600 -0.085947
0.642800 -0.085964
0.643000 -0.085982
0.643200 -0.085999
0.643400 -0.086016
0.643600 -0.086032
0.643800 -0.086049
0.644000 -0.086066
0.644200 -0.086082
0.644400 -0.086098
0.644600 -0.086115
0.644800 -0.086131
0.645000 -0.086147
0.645200 -0.086162
0.645400 -0.086178
0.645600 -0.086194
0.645800 -0.086209
0.646000 -0.086224
0.646200 -0.086240
0.646400 -0.086255
0.646600 -0.086270
0.646800 -0.086285
0.647000 -0.086299
0.647200 -0.086314
0.647400 -0.086329
0.647600 -0.086343
0.647800 -0.086357
0.648000 -0.086372
0.648200 -0.086386
0.648400 -0.086400
0.648600 -0.086414
0.648800 -0.086427
0.649000 -0.086441
0.649200 -0.086455
0.649400 -0.086468
0.649600 -0.086482
0.649800 -0.086495
0.650000 -0.086508
0.650200 -0.086521
0.650400 -0.086534
0.650600 -0.086547
0.650800 -0.086560
0.651000 -0.086573
0.651200 -0.086585
0.651400 -0.086598
0.651600 -0.086610
0.651800 -0.086623
0.652000 -0.086635
0.652200 -0.086647
0.652400 -0.086659
0.652600 -0.086671
0.652800 -0.086683
0.653000 -0.086695
0.653200 -0.086707
0.653400 -0.086718
0.653600 -0.086730
0.653800 -0.086741
0.654000 -0.086753
0.654200 -0.086764
0.654400 -0.086775
0.654600 -0.086787
0.654800 -0.086798
0.655000 -0.086809
0.655200 -0.086820
0.655400 -0.086831
0.655600 -0.086841
0.655800 -0.086852
0.656000 -0.086863
0.656200 -0.086873
0.656400 -0.086884
0.656600 -0.086894
0.656800 -0.086904
0.657000 -0.086915
0.657200 -0.086925
0.657400 -0.086935
0.657600 -0.086945
0.657800 -0.086955
0.658000 -0.086965
0.658200 -0.086975
0.658400 -0.086985
0.658600 -0.086994
0.658800 -0.087004
0.659000 -0.087013
0.659200 -0.087023
0.659400 -0.087032
0.659600 -0.087042
0.659800 -0.087051
0.660000 -0.087060
0.660200 -0.087070
0.660400 -0.087079
0.660600 -0.087088
0.660800 -0.087097
0.661000 -0.087106
0.661200 -0.087115
0.661400 -0.087123
0.661600 -0.087132
0.661800 -0.087141
0.662000 -0.087150
0.662200 -0.087158
0.662400 -0.087167
0.662600 -0.087175
0.662800 -0.087184
0.663000 -0.087192
0.663200 -0.087200
0.663400 -0.087209
0.663600 -0.087217
0.663800 -0.087225
0.664000 -0.087233
0.664200 -0.087241
0.664400 -0.087249
0.664600 -0.087257
0.664800 -0.087265
0.665000 -0.087273
0.665200 -0.087281
0.665400 -0.087289
0.665600 -0.087296
0.665800 -0.087304
0.666000 -0.087312
0.666200 -0.087319
0.666400 -0.087327
0.666600 -0.087334
0.666800 -0.087342
0.667000 -0.087349
0.667200 -0.087356
0.667400 -0.087364
0.667600 -0.087371
0.667800 -0.087378
0.668000 -0.087385
0.668200 -0.087392
0.668400 -0.087399
0.668600 -0.087406
0.668800 -0.087413
0.669000 -0.087420
0.669200 -0.087427
0.669400 -0.087434
0.669600 -0.087441
0.669800 -0.087448
0.670000 -0.087454
0.670200 -0.087461
0.670400 -0.087468
0.670600 -0.087475
0.670800 -0.087481
0.671000 -0.087488
0.671200 -0.087494
0.671400 -0.087501
0.671600 -0.087507
0.671800 -0.087514
0.672000 -0.087520
0.672200 -0.087526
0.672400 -0.087533
0.672600 -0.087539
0.672800 -0.087545
0.673000 -0.087551
0.673200 -0.087557
0.673400 -0.087564
0.673600 -0.087570
0.673800 -0.087576
0.674000 -0.087582
0.674200 -0.087588
0.674400 -0.087594
0.674600 -0.087600
0.674800 -0.087605
0.675000 -0.087611
0.675200 -0.087617
0.675400 -0.087623
0.675600 -0.087629
0.675800 -0.087634
0.676000 -0.087640
0.676200 -0.087646
0.676400 -0.087651
0.676600 -0.087657
0.676800 -0.087663
0.677000 -0.087668
0.677200 -0.087674
0.677400 -0.087679
0.677600 -0.087685
0.677800 -0.087690
0.678000 -0.087696
0.678200 -0.087701
0.678400 -0.087706
0.678600 -0.087712
0.678800 -0.087717
0.679000 -0.087722
0.679200 -0.087728
0.679400 -0.087733
0.679600 -0.087738
0.679800 -0.087743
0.680000 -0.087748
0.680200 -0.087753
0.680400 -0.087758
0.680600 -0.087764
0.680800 -0.087769
0.681000 -0.087774
0.681200 -0.087779
0.681400 -0.087784
0.681600 -0.087788
0.681800 -0.087793
0.682000 -0.087798
0.682200 -0.087803
0.682400 -0.087808
0.682600 -0.087813
0.682800 -0.087818
0.683000 -0.087822
0.683200 -0.087827
0.683400 -0.087832
0.683600 -0.087837
0.683800 -0.087841
0.684000 -0.087846
0.684200 -0.087851
0.684400 -0.087855
0.684600 -0.087860
0.684800 -0.087864
0.685000 -0.087869
0.685200 -0.087874
0.685400 -0.087878
0.685600 -0.087883
0.685800 -0.087887
0.686000 -0.087891
0.686200 -0.087896
0.686400 -0.087900
0.686600 -0.087905
0.686800 -0.087909
0.687000 -0.087913
0.687200 -0.087918
0.687400 -0.087922
0.687600 -0.087926
0.687800 -0.087931
0.688000 -0.087935
0.688200 -0.087939
0.688400 -0.087943
0.688600 -0.087947
0.688800 -0.087952
0.689000 -0.087956
0.689200 -0.087960
0.689400 -0.087964
0.689600 -0.087968
0.689800 -0.087972
0.690000 -0.087976
0.690200 -0.087980
0.690400 -0.087984
0.690600 -0.087988
0.690800 -0.087992
0.691000 -0.087996
0.691200 -0.088000
0.691400 -0.088004
0.691600 -0.088008
0.691800 -0.088012
0.692000 -0.088016
0.692200 -0.088020
0.692400 -0.088024
0.692600 -0.088028
0.692800 -0.088031
0.693000 -0.088035
0.693200 -0.088039
0.693400 -0.088043
0.693600 -0.088047
0.693800 -0.088050
0.694000 -0.088054
0.694200 -0.088058
0.694400 -0.088061
0.694600 -0.088065
0.694800 -0.088069
0.695000 -0.088072
0.695200 -0.088076
0.695400 -0.088080
0.695600 -0.088083
0.695800 -0.088087
0.696000 -0.088091
0.696200 -0.088094
0.696400 -0.088098
0.696600 -0.088101
0.696800 -0.088105
0.697000 -0.088108
0.697200 -0.088112
0.697400 -0.088115
0.697600 -0.088119
0.697800 -0.088122
0.698000 -0.088125
0.698200 -0.088129
0.698400 -0.088132
0.698600 -0.088136
0.698800 -0.088139
0.699000 -0.088142
0.699200 -0.088146
0.699400 -0.088149
0.699600 -0.088152
0.699800 -0.088156
0.700000 -0.088159
0.700200 -0.088162
0.700400 -0.088166
0.700600 -0.088169
0.700800 -0.088172
0.701000 -0.088175
0.701200 -0.088178
0.701400 -0.088182
0.701600 -0.088185
0.701800 -0.088188
0.702000 -0.088191
0.702200 -0.088194
0.702400 -0.088197
0.702600 -0.088201
0.702800 -0.088204
0.703000 -0.088207
0.703200 -0.088210
0.703400 -0.088213
0.703600 -0.088216
0.703800 -0.088219
0.704000 -0.088222
0.704200 -0.088225
0.704400 -0.088228
0.704600 -0.088231
0.704800 -0.088234
0.705000 -0.088237
0.705200 -0.088240
0.705400 -0.088243
0.705600 -0.088246
0.705800 -0.088249
0.706000 -0.088252
0.706200 -0.088255
0.706400 -0.088258
0.706600 -0.088261
0.706800 -0.088263
0.707000 -0.088266
0.707200 -0.088269
0.707400 -0.088272
0.707600 -0.088275
0.707800 -0.088278
0.708000 -0.088280
0.708200 -0.088283
0.708400 -0.088286
0.708600 -0.088289
0.708800 -0.088292
0.709000 -0.088294
0.709200 -0.088297
0.709400 -0.088300
0.709600 -0.088303
0.709800 -0.088305
0.710000 -0.088308
0.710200 -0.088311
0.710400 -0.088313
0.710600 -0.088316
0.710800 -0.088319
0.711000 -0.088321
0.711200 -0.088324
0.711400 -0.088327
0.711600 -0.088329
0.711800 -0.088332
0.712000 -0.088334
0.712200 -0.088337
0.712400 -0.088340
0.712600 -0.088342
0.712800 -0.088345
0.713000 -0.088347
0.713200 -0.088350
0.713400 -0.088352
0.713600 -0.088355
0.713800 -0.088357
0.714000 -0.088360
0.714200 -0.088362
0.714400 -0.088365
0.714600 -0.088367
0.714800 -0.088370
0.715000 -0.088372
0.715200 -0.088375
0.715400 -0.088377
0.715600 -0.088380
0.715800 -0.088382
0.716000 -0.088384
0.716200 -0.088387
0.716400 -0.088389
0.716600 -0.088392
0.716800 -0.088394
0.717000 -0.088396
0.717200 -0.088399
0.717400 -0.088401
0.717600 -0.088403
0.717800 -0.088406
0.718000 -0.088408
0.718200 -0.088410
0.718400 -0.088413
0.718600 -0.088415
0.718800 -0.088417
0.719000 -0.088420
0.719200 -0.088422
0.719400 -0.088424
0.719600 -0.088426
0.719800 -0.088429
0.720000 -0.088431
0.720200 -0.088433
0.720400 -0.088435
0.720600 -0.088437
0.720800 -0.088440
0.721000 -0.088442
0.721200 -0.088444
0.721400 -0.088446
0.721600 -0.088448
0.721800 -0.088451
0.722000 -0.088453
0.722200 -0.088455
0.722400 -0.088457
0.722600 -0.088459
0.722800 -0.088461
0.723000 -0.088463
0.723200 -0.088465
0.723400 -0.088468
0.723600 -0.088470
0.723800 -0.088472
0.724000 -0.088474
0.724200 -0.088476
0.724400 -0.088478
0.724600 -0.088480
0.724800 -0.088482
0.725000 -0.088484
0.725200 -0.088486
0.725400 -0.088488
0.725600 -0.088490
0.725800 -0.088492
0.726000 -0.088494
0.726200 -0.088496
0.726400 -0.088498
0.726600 -0.088500
0.726800 -0.088502
0.727000 -0.088504
0.727200 -0.088506
0.727400 -0.088508
0.727600 -0.088510
0.727800 -0.088512
0.728000 -0.088514
0.728200 -0.088516
0.728400 -0.088518
0.728600 -0.088520
0.728800 -0.088521
0.729000 -0.088523
0.729200 -0.088525
0.729400 -0.088527
0.729600 -0.088529
0.729800 -0.088531
0.730000 -0.088533
0.730200 -0.088535
0.730400 -0.088536
0.730600 -0.088538
0.730800 -0.088540
0.731000 -0.088542
0.731200 -0.088544
0.731400 -0.088546
0.731600 -0.088547
0.731800 -0.088549
0.732000 -0.088551
0.732200 -0.088553
0.732400 -0.088555
0.732600 -0.088556
0.732800 -0.088558
0.733000 -0.088560
0.733200 -0.088562
0.733400 -0.088563
0.733600 -0.088565
0.733800 -0.088567
0.734000 -0.088569
0.734200 -0.088570
0.734400 -0.088572
0.734600 -0.088574
0.734800 -0.088575
0.735000 -0.088577
0.735200 -0.088579
0.735400 -0.088581
0.735600 -0.088582
0.735800 -0.088584
0.736000 -0.088586
0.736200 -0.088587
0.736400 -0.088589
0.736600 -0.088591
0.736800 -0.088592
0.737000 -0.088594
0.737200 -0.088596
0.737400 -0.088597
0.737600 -0.088599
0.737800 -0.088600
0.738000 -0.088602
0.738200 -0.088604
0.738400 -0.088605
0.738600 -0.088607
0.738800 -0.088608
0.739000 -0.088610
0.739200 -0.088612
0.739400 -0.088613
0.739600 -0.088615
0.739800 -0.088616
0.740000 -0.088618
0.740200 -0.088619
0.740400 -0.088621
0.740600 -0.088623
0.740800 -0.088624
0.741000 -0.088626
0.741200 -0.088627
0.741400 -0.088629
0.741600 -0.088630
0.741800 -0.088632
0.742000 -0.088633
0.742200 -0.088635
0.742400 -0.088636
0.742600 -0.088638
0.742800 -0.088639
0.743000 -0.088641
0.743200 -0.088642
0.743400 -0.088644
0.743600 -0.088645
0.743800 -0.088647
0.744000 -0.088648
0.744200 -0.088649
0.744400 -0.088651
0.744600 -0.088652
0.744800 -0.088654
0.745000 -0.088655
0.745200 -0.088657
0.745400 -0.088658
0.745600 -0.088659
0.745800 -0.088661
0.746000 -0.088662
0.746200 -0.088664
0.746400 -0.088665
0.746600 -0.088666
0.746800 -0.088668
0.747000 -0.088669
0.747200 -0.088671
0.747400 -0.088672
0.747600 -0.088673
0.747800 -0.088675
0.748000 -0.088676
0.748200 -0.088677
0.748400 -0.088679
0.748600 -0.088680
0.748800 -0.088681
0.749000 -0.088683
0.749200 -0.088684
0.749400 -0.088686
0.749600 -0.088687
0.749800 -0.088688
0.750000 -0.088689
0.750200 -0.088691
0.750400 -0.088692
0.750600 -0.088693
0.750800 -0.088695
0.751000 -0.088696
0.751200 -0.088697
0.751400 -0.088699
0.751600 -0.088700
0.751800 -0.088701
0.752000 -0.088702
0.752200 -0.088704
0.752400 -0.088705
0.752600 -0.088706
0.752800 -0.088707
0.753000 -0.088709
0.753200 -0.088710
0.753400 -0.088711
0.753600 -0.088712
0.753800 -0.088714
0.754000 -0.088715
0.754200 -0.088716
0.754400 -0.088717
0.754600 -0.088719
0.754800 -0.088720
0.755000 -0.088721
0.755200 -0.088722
0.755400 -0.088723
0.755600 -0.088725
0.755800 -0.088726
0.756000 -0.088727
0.756200 -0.088728
0.756400 -0.088729
0.756600 -0.088731
0.756800 -0.088732
0.757000 -0.088733
0.757200 -0.088734
0.757400 -0.088735
0.757600 -0.088736
0.757800 -0.088738
0.758000 -0.088739
0.758200 -0.088740
0.758400 -0.088741
0.758600 -0.088742
0.758800 -0.088743
0.759000 -0.088744
0.759200 -0.088746
0.759400 -0.088747
0.759600 -0.088748
0.759800 -0.088749
0.760000 -0.088750
0.760200 -0.088751
0.760400 -0.088752
0.760600 -0.088753
0.760800 -0.088755
0.761000 -0.088756
0.761200 -0.088757
0.761400 -0.088758
0.761600 -0.088759
0.761800 -0.088760
0.762000 -0.088761
0.762200 -0.088762
0.762400 -0.088763
0.762600 -0.088764
0.762800 -0.088765
0.763000 -0.088766
0.763200 -0.088768
0.763400 -0.088769
0.763600 -0.088770
0.763800 -0.088771
0.764000 -0.088772
0.764200 -0.088773
0.764400 -0.088774
0.764600 -0.088775
0.764800 -0.088776
0.765000 -0.088777
0.765200 -0.088778
0.765400 -0.088779
0.765600 -0.088780
0.765800 -0.088781
0.766000 -0.088782
0.766200 -0.088783
0.766400 -0.088784
0.766600 -0.088785
0.766800 -0.088786
0.767000 -0.088787
0.767200 -0.088788
0.767400 -0.088789
0.767600 -0.088790
0.767800 -0.088791
0.768000 -0.088792
0.768200 -0.088793
0.768400 -0.088794
0.768600 -0.088795
0.768800 -0.088796
0.769000 -0.088797
0.769200 -0.088798
0.769400 -0.088799
0.769600 -0.088800
0.769800 -0.088801
0.770000 -0.088802
0.770200 -0.088803
0.770400 -0.088804
0.770600 -0.088805
0.770800 -0.088806
0.771000 -0.088806
0.771200 -0.088807
0.771400 -0.088808
0.771600 -0.088809
0.771800 -0.088810
0.772000 -0.088811
0.772200 -0.088812
0.772400 -0.088813
0.772600 -0.088814
0.772800 -0.088815
0.773000 -0.088816
0.773200 -0.088817
0.773400 -0.088817
0.773600 -0.088818
0.773800 -0.088819
0.774000 -0.088820
0.774200 -0.088821
0.774400 -0.088822
0.774600 -0.088823
0.774800 -0.088824
0.775000 -0.088825
0.775200 -0.088825
0.775400 -0.088826
0.775600 -0.088827
0.775800 -0.088828
0.776000 -0.088829
0.776200 -0.088830
0.776400 -0.088831
0.776600 -0.088832
0.776800 -0.088832
0.777000 -0.088833
0.777200 -0.088834
0.777400 -0.088835
0.777600 -0.088836
0.777800 -0.088837
0.778000 -0.088838
0.778200 -0.088838
0.778400 -0.088839
0.778600 -0.088840
0.778800 -0.088841
0.779000 -0.088842
0.779200 -0.088843
0.779400 -0.088843
0.779600 -0.088844
0.779800 -0.088845
0.780000 -0.088846
0.780200 -0.088847
0.780400 -0.088847
0.780600 -0.088848
0.780800 -0.088849
0.781000 -0.088850
0.781200 -0.088851
0.781400 -0.088851
0.781600 -0.088852
0.781800 -0.088853
0.782000 -0.088854
0.782200 -0.088855
0.782400 -0.088855
0.782600 -0.088856
0.782800 -0.088857
0.783000 -0.088858
0.783200 -0.088859
0.783400 -0.088859
0.783600 -0.088860
0.783800 -0.088861
0.784000 -0.088862
0.784200 -0.088862
0.784400 -0.088863
0.784600 -0.088864
0.784800 -0.088865
0.785000 -0.088865
0.785200 -0.088866
0.785400 -0.088867
0.785600 -0.088868
0.785800 -0.088868
0.786000 -0.088869
0.786200 -0.088870
0.786400 -0.088871
0.786600 -0.088871
0.786800 -0.088872
0.787000 -0.088873
0.787200 -0.088874
0.787400 -0.088874
0.787600 -0.088875
0.787800 -0.088876
0.788000 -0.088876
0.788200 -0.088877
0.788400 -0.088878
0.788600 -0.088879
0.788800 -0.088879
0.789000 -0.088880
0.789200 -0.088881
0.789400 -0.088881
0.789600 -0.088882
0.789800 -0.088883
0.790000 -0.088884
0.790200 -0.088884
0.790400 -0.088885
0.790600 -0.088886
0.790800 -0.088886
0.791000 -0.088887
0.791200 -0.088888
0.791400 -0.088888
0.791600 -0.088889
0.791800 -0.088890
0.792000 -0.088890
0.792200 -0.088891
0.792400 -0.088892
0.792600 -0.088892
0.792800 -0.088893
0.793000 -0.088894
0.793200 -0.088894
0.793400 -0.088895
0.793600 -0.088896
0.793800 -0.088896
0.794000 -0.088897
0.794200 -0.088898
0.794400 -0.088898
0.794600 -0.088899
0.794800 -0.088900
0.795000 -0.088900
0.795200 -0.088901
0.795400 -0.088902
0.795600 -0.088902
0.795800 -0.088903
0.796000 -0.088904
0.796200 -0.088904
0.796400 -0.088905
0.796600 -0.088905
0.796800 -0.088906
0.797000 -0.088907
0.797200 -0.088907
0.797400 -0.088908
0.797600 -0.088909
0.797800 -0.088909
0.798000 -0.088910
0.798200 -0.088910
0.798400 -0.088911
0.798600 -0.088912
0.798800 -0.088912
0.799000 -0.088913
0.799200 -0.088913
0.799400 -0.088914
0.799600 -0.088915
0.799800 -0.088915
0.800000 -0.088916
